1 	 -0.0 	 0.200 	 28
2 	 0.0 	 0.200 	 36
3 	 0.0 	 0.110 	 36
4 	 0.0 	 0.160 	 33
5 	 0.0 	 0.010 	 31
6 	 0.0 	 0.060 	 35
7 	 0.0 	 0.160 	 34
8 	 1.0 	 0.100 	 26
9 	 0.0 	 0.010 	 25
10 	 -0.0 	 0.050 	 29
11 	 1.0 	 0.200 	 23
12 	 -0.0 	 0.020 	 34
13 	 0.0 	 0.020 	 36
14 	 -0.0 	 0.070 	 23
15 	 0.0 	 0.110 	 30
16 	 -0.0 	 0.170 	 22
17 	 0.0 	 0.180 	 35
18 	 0.0 	 0.040 	 33
19 	 1.0 	 0.050 	 24
20 	 0.0 	 0.070 	 32
21 	 -0.0 	 0.170 	 27
22 	 -0.0 	 0.200 	 28
23 	 0.0 	 0.150 	 22
24 	 -0.0 	 0.160 	 30
25 	 0.0 	 0.040 	 34
26 	 0.0 	 0.100 	 35
27 	 -0.0 	 0.090 	 36
28 	 0.0 	 0.010 	 29
29 	 0.0 	 0.100 	 34
30 	 0.0 	 0.160 	 25
31 	 -0.0 	 0.140 	 31
32 	 0.0 	 0.090 	 36
33 	 0.0 	 0.100 	 30
34 	 1.0 	 0.190 	 24
35 	 -0.0 	 0.130 	 22
36 	 -0.0 	 0.060 	 28
37 	 1.0 	 0.010 	 22
38 	 -0.0 	 0.100 	 27
39 	 -0.0 	 0.090 	 35
40 	 -0.0 	 0.020 	 28
41 	 1.0 	 0.090 	 25
42 	 -0.0 	 0.030 	 22
43 	 0.0 	 0.040 	 22
44 	 -0.0 	 0.010 	 35
45 	 -0.0 	 0.070 	 24
46 	 0.0 	 0.060 	 31
47 	 1.0 	 0.150 	 22
48 	 -0.0 	 0.160 	 31
49 	 0.0 	 0.070 	 23
50 	 0.0 	 0.090 	 32
51 	 0.0 	 0.030 	 36
52 	 -0.0 	 0.130 	 22
53 	 -0.0 	 0.100 	 26
54 	 0.0 	 0.170 	 27
55 	 1.0 	 0.080 	 26
56 	 -0.0 	 0.160 	 34
57 	 0.0 	 0.170 	 28
58 	 -0.0 	 0.180 	 32
59 	 0.0 	 0.200 	 27
60 	 -0.0 	 0.200 	 26
61 	 -0.0 	 0.130 	 23
62 	 0.0 	 0.070 	 25
63 	 -0.0 	 0.150 	 31
64 	 -0.0 	 0.090 	 35
65 	 -0.0 	 0.120 	 27
66 	 0.0 	 0.030 	 33
67 	 -0.0 	 0.130 	 36
68 	 -0.0 	 0.030 	 26
69 	 -0.0 	 0.080 	 36
70 	 -0.0 	 0.120 	 36
71 	 -0.0 	 0.050 	 32
72 	 0.0 	 0.180 	 27
73 	 0.0 	 0.050 	 33
74 	 0.0 	 0.040 	 30
75 	 -0.0 	 0.090 	 36
76 	 1.0 	 0.150 	 23
77 	 0.0 	 0.010 	 25
78 	 0.0 	 0.060 	 36
79 	 1.0 	 0.070 	 23
80 	 -0.0 	 0.120 	 22
81 	 0.0 	 0.200 	 36
82 	 -0.0 	 0.140 	 22
83 	 0.0 	 0.120 	 32
84 	 -0.0 	 0.120 	 24
85 	 -0.0 	 0.090 	 31
86 	 1.0 	 0.070 	 21
87 	 0.0 	 0.020 	 30
88 	 -0.0 	 0.090 	 35
89 	 1.0 	 0.170 	 21
90 	 1.0 	 0.110 	 24
91 	 -0.0 	 0.060 	 31
92 	 0.0 	 0.110 	 24
93 	 0.0 	 0.020 	 28
94 	 1.0 	 0.010 	 27
95 	 0.0 	 0.080 	 32
96 	 -0.0 	 0.060 	 30
97 	 -0.0 	 0.150 	 33
98 	 -0.0 	 0.010 	 32
99 	 -0.0 	 0.190 	 33
100 	 -0.0 	 0.140 	 36
101 	 0.0 	 0.150 	 32
102 	 0.0 	 0.160 	 24
103 	 0.0 	 0.190 	 36
104 	 1.0 	 0.180 	 21
105 	 0.0 	 0.040 	 36
106 	 -0.0 	 0.180 	 24
107 	 -0.0 	 0.160 	 25
108 	 0.0 	 0.040 	 32
109 	 0.0 	 0.170 	 34
110 	 1.0 	 0.180 	 23
111 	 -0.0 	 0.200 	 27
112 	 0.0 	 0.010 	 29
113 	 -0.0 	 0.170 	 36
114 	 0.0 	 0.010 	 34
115 	 0.0 	 0.010 	 32
116 	 -0.0 	 0.030 	 34
117 	 0.0 	 0.010 	 34
118 	 0.0 	 0.090 	 34
119 	 0.0 	 0.110 	 34
120 	 1.0 	 0.010 	 26
121 	 -0.0 	 0.150 	 26
122 	 -0.0 	 0.110 	 30
123 	 1.0 	 0.090 	 25
124 	 0.0 	 0.190 	 27
125 	 1.0 	 0.100 	 27
126 	 0.0 	 0.080 	 34
127 	 0.0 	 0.020 	 22
128 	 1.0 	 0.100 	 24
129 	 0.0 	 0.040 	 32
130 	 0.0 	 0.040 	 29
131 	 1.0 	 0.110 	 26
132 	 1.0 	 0.090 	 21
133 	 0.0 	 0.040 	 31
134 	 -0.0 	 0.110 	 32
135 	 0.0 	 0.030 	 32
136 	 0.0 	 0.070 	 26
137 	 0.0 	 0.150 	 27
138 	 -0.0 	 0.190 	 24
139 	 1.0 	 0.010 	 27
140 	 1.0 	 0.190 	 27
141 	 0.0 	 0.090 	 30
142 	 -0.0 	 0.030 	 28
143 	 1.0 	 0.040 	 22
144 	 -0.0 	 0.040 	 22
145 	 -0.0 	 0.070 	 22
146 	 -0.0 	 0.030 	 34
147 	 -0.0 	 0.120 	 28
148 	 0.0 	 0.110 	 26
149 	 0.0 	 0.030 	 33
150 	 1.0 	 0.130 	 21
151 	 0.0 	 0.020 	 35
152 	 -0.0 	 0.110 	 35
153 	 -0.0 	 0.030 	 30
154 	 1.0 	 0.130 	 25
155 	 -0.0 	 0.150 	 35
156 	 1.0 	 0.070 	 22
157 	 1.0 	 0.200 	 21
158 	 0.0 	 0.080 	 25
159 	 0.0 	 0.120 	 25
160 	 0.0 	 0.160 	 26
161 	 0.0 	 0.090 	 32
162 	 -0.0 	 0.110 	 29
163 	 -0.0 	 0.140 	 21
164 	 0.0 	 0.070 	 34
165 	 0.0 	 0.120 	 33
166 	 0.0 	 0.200 	 35
167 	 0.0 	 0.180 	 24
168 	 -0.0 	 0.080 	 35
169 	 -0.0 	 0.170 	 29
170 	 -0.0 	 0.150 	 33
171 	 1.0 	 0.020 	 21
172 	 0.0 	 0.050 	 32
173 	 0.0 	 0.070 	 32
174 	 1.0 	 0.050 	 22
175 	 -0.0 	 0.150 	 29
176 	 -0.0 	 0.110 	 26
177 	 1.0 	 0.160 	 24
178 	 0.0 	 0.090 	 36
179 	 1.0 	 0.070 	 26
180 	 -0.0 	 0.120 	 32
181 	 -0.0 	 0.200 	 23
182 	 -0.0 	 0.190 	 24
183 	 1.0 	 0.180 	 23
184 	 -0.0 	 0.050 	 22
185 	 0.0 	 0.080 	 36
186 	 0.0 	 0.200 	 35
187 	 0.0 	 0.110 	 30
188 	 0.0 	 0.110 	 32
189 	 0.0 	 0.100 	 35
190 	 -0.0 	 0.070 	 36
191 	 0.0 	 0.110 	 35
192 	 0.0 	 0.110 	 26
193 	 0.0 	 0.060 	 21
194 	 1.0 	 0.200 	 24
195 	 0.0 	 0.160 	 33
196 	 0.0 	 0.070 	 26
197 	 0.0 	 0.190 	 26
198 	 -0.0 	 0.120 	 26
199 	 -0.0 	 0.060 	 30
200 	 1.0 	 0.100 	 24
201 	 0.0 	 0.150 	 30
202 	 1.0 	 0.100 	 9
203 	 0.0 	 0.040 	 18
204 	 -0.0 	 0.090 	 24
205 	 0.0 	 0.130 	 23
206 	 -0.0 	 0.160 	 32
207 	 -0.0 	 0.110 	 34
208 	 0.0 	 0.100 	 29
209 	 -0.0 	 0.090 	 33
210 	 -0.0 	 0.200 	 10
211 	 0.0 	 0.110 	 33
212 	 0.0 	 0.130 	 30
213 	 -0.0 	 0.190 	 34
214 	 0.0 	 0.080 	 14
215 	 0.0 	 0.140 	 35
216 	 -0.0 	 0.140 	 11
217 	 -0.0 	 0.120 	 36
218 	 0.0 	 0.190 	 32
219 	 -0.0 	 0.100 	 24
220 	 -0.0 	 0.120 	 20
221 	 0.0 	 0.080 	 22
222 	 -0.0 	 0.030 	 27
223 	 1.0 	 0.120 	 18
224 	 0.0 	 0.100 	 18
225 	 1.0 	 0.060 	 15
226 	 -0.0 	 0.030 	 13
227 	 1.0 	 0.160 	 15
228 	 -0.0 	 0.140 	 16
229 	 0.0 	 0.160 	 16
230 	 0.0 	 0.070 	 20
231 	 -0.0 	 0.090 	 20
232 	 0.0 	 0.140 	 26
233 	 0.0 	 0.100 	 31
234 	 0.0 	 0.010 	 33
235 	 -0.0 	 0.090 	 14
236 	 0.0 	 0.150 	 29
237 	 -0.0 	 0.040 	 12
238 	 -0.0 	 0.170 	 19
239 	 1.0 	 0.020 	 18
240 	 0.0 	 0.200 	 24
241 	 0.0 	 0.110 	 27
242 	 0.0 	 0.140 	 27
243 	 -0.0 	 0.090 	 33
244 	 1.0 	 0.070 	 16
245 	 0.0 	 0.070 	 19
246 	 -0.0 	 0.130 	 35
247 	 0.0 	 0.050 	 35
248 	 0.0 	 0.200 	 26
249 	 -0.0 	 0.180 	 30
250 	 0.0 	 0.060 	 21
251 	 1.0 	 0.170 	 9
252 	 -0.0 	 0.200 	 24
253 	 -0.0 	 0.070 	 31
254 	 -0.0 	 0.110 	 35
255 	 0.0 	 0.110 	 27
256 	 0.0 	 0.060 	 31
257 	 0.0 	 0.010 	 24
258 	 1.0 	 0.010 	 11
259 	 -0.0 	 0.170 	 31
260 	 -0.0 	 0.050 	 29
261 	 0.0 	 0.030 	 13
262 	 -0.0 	 0.030 	 24
263 	 -0.0 	 0.160 	 25
264 	 0.0 	 0.110 	 30
265 	 1.0 	 0.030 	 15
266 	 1.0 	 0.160 	 17
267 	 1.0 	 0.180 	 10
268 	 -0.0 	 0.130 	 27
269 	 1.0 	 0.200 	 10
270 	 -0.0 	 0.060 	 23
271 	 1.0 	 0.030 	 10
272 	 -0.0 	 0.110 	 29
273 	 -0.0 	 0.190 	 14
274 	 -0.0 	 0.130 	 29
275 	 1.0 	 0.040 	 12
276 	 -0.0 	 0.130 	 25
277 	 0.0 	 0.070 	 22
278 	 -0.0 	 0.190 	 32
279 	 -0.0 	 0.020 	 11
280 	 0.0 	 0.070 	 36
281 	 -0.0 	 0.150 	 36
282 	 -0.0 	 0.040 	 18
283 	 -0.0 	 0.110 	 33
284 	 1.0 	 0.160 	 15
285 	 0.0 	 0.120 	 20
286 	 0.0 	 0.160 	 25
287 	 -0.0 	 0.180 	 32
288 	 0.0 	 0.100 	 34
289 	 0.0 	 0.050 	 27
290 	 1.0 	 0.040 	 10
291 	 -0.0 	 0.090 	 17
292 	 -0.0 	 0.160 	 10
293 	 0.0 	 0.080 	 21
294 	 0.0 	 0.100 	 35
295 	 -0.0 	 0.080 	 10
296 	 0.0 	 0.130 	 29
297 	 -0.0 	 0.170 	 35
298 	 -0.0 	 0.070 	 22
299 	 0.0 	 0.030 	 30
300 	 0.0 	 0.020 	 18
301 	 -0.0 	 0.160 	 30
302 	 0.0 	 0.130 	 22
303 	 0.0 	 0.200 	 21
304 	 -0.0 	 0.100 	 15
305 	 0.0 	 0.010 	 14
306 	 -0.0 	 0.030 	 24
307 	 -0.0 	 0.060 	 24
308 	 1.0 	 0.010 	 9
309 	 -0.0 	 0.170 	 16
310 	 -0.0 	 0.140 	 19
311 	 0.0 	 0.140 	 24
312 	 1.0 	 0.140 	 12
313 	 -0.0 	 0.050 	 25
314 	 0.0 	 0.080 	 35
315 	 0.0 	 0.030 	 15
316 	 1.0 	 0.160 	 13
317 	 -0.0 	 0.040 	 18
318 	 -0.0 	 0.140 	 19
319 	 -0.0 	 0.090 	 23
320 	 -0.0 	 0.120 	 21
321 	 1.0 	 0.190 	 9
322 	 1.0 	 0.070 	 9
323 	 -0.0 	 0.180 	 9
324 	 0.0 	 0.130 	 25
325 	 0.0 	 0.180 	 30
326 	 0.0 	 0.140 	 22
327 	 -0.0 	 0.130 	 29
328 	 1.0 	 0.040 	 11
329 	 1.0 	 0.200 	 11
330 	 0.0 	 0.120 	 34
331 	 0.0 	 0.080 	 27
332 	 0.0 	 0.070 	 35
333 	 0.0 	 0.080 	 27
334 	 -0.0 	 0.120 	 12
335 	 0.0 	 0.030 	 24
336 	 0.0 	 0.050 	 22
337 	 0.0 	 0.060 	 32
338 	 1.0 	 0.060 	 18
339 	 1.0 	 0.150 	 9
340 	 0.0 	 0.140 	 32
341 	 -0.0 	 0.060 	 27
342 	 0.0 	 0.020 	 30
343 	 0.0 	 0.200 	 29
344 	 0.0 	 0.090 	 30
345 	 -0.0 	 0.100 	 10
346 	 0.0 	 0.020 	 28
347 	 0.0 	 0.020 	 26
348 	 1.0 	 0.070 	 13
349 	 0.0 	 0.110 	 20
350 	 -0.0 	 0.020 	 12
351 	 -0.0 	 0.020 	 26
352 	 0.0 	 0.010 	 33
353 	 0.0 	 0.180 	 14
354 	 -0.0 	 0.040 	 28
355 	 -0.0 	 0.170 	 14
356 	 0.0 	 0.190 	 28
357 	 0.0 	 0.080 	 21
358 	 1.0 	 0.110 	 19
359 	 0.0 	 0.200 	 20
360 	 0.0 	 0.080 	 24
361 	 -0.0 	 0.160 	 22
362 	 0.0 	 0.110 	 29
363 	 0.0 	 0.030 	 27
364 	 0.0 	 0.120 	 30
365 	 -0.0 	 0.190 	 27
366 	 0.0 	 0.100 	 30
367 	 -0.0 	 0.120 	 30
368 	 0.0 	 0.190 	 25
369 	 1.0 	 0.040 	 13
370 	 1.0 	 0.160 	 11
371 	 0.0 	 0.180 	 16
372 	 0.0 	 0.110 	 21
373 	 1.0 	 0.140 	 14
374 	 -0.0 	 0.020 	 21
375 	 1.0 	 0.160 	 12
376 	 -0.0 	 0.160 	 32
377 	 -0.0 	 0.060 	 29
378 	 1.0 	 0.140 	 10
379 	 -0.0 	 0.200 	 34
380 	 -0.0 	 0.150 	 11
381 	 0.0 	 0.020 	 31
382 	 -0.0 	 0.160 	 28
383 	 1.0 	 0.100 	 15
384 	 0.0 	 0.120 	 25
385 	 0.0 	 0.160 	 36
386 	 0.0 	 0.080 	 33
387 	 0.0 	 0.080 	 23
388 	 0.0 	 0.140 	 20
389 	 0.0 	 0.170 	 36
390 	 1.0 	 0.020 	 9
391 	 0.0 	 0.150 	 15
392 	 0.0 	 0.110 	 34
393 	 -0.0 	 0.080 	 10
394 	 0.0 	 0.100 	 19
395 	 0.0 	 0.170 	 18
396 	 -0.0 	 0.140 	 14
397 	 -0.0 	 0.100 	 28
398 	 1.0 	 0.150 	 16
399 	 0.0 	 0.140 	 18
400 	 1.0 	 0.160 	 0
401 	 -0.0 	 0.110 	 32
402 	 -0.0 	 0.180 	 17
403 	 -0.0 	 0.120 	 30
404 	 0.0 	 0.110 	 24
405 	 -0.0 	 0.160 	 26
406 	 1.0 	 0.080 	 17
407 	 -0.0 	 0.190 	 7
408 	 -0.0 	 0.110 	 23
409 	 -0.0 	 0.010 	 36
410 	 -0.0 	 0.050 	 11
411 	 0.0 	 0.110 	 21
412 	 0.0 	 0.010 	 31
413 	 -0.0 	 0.110 	 27
414 	 0.0 	 0.080 	 34
415 	 -0.0 	 0.120 	 11
416 	 0.0 	 0.050 	 29
417 	 -0.0 	 0.100 	 24
418 	 0.0 	 0.160 	 33
419 	 -0.0 	 0.130 	 14
420 	 0.0 	 0.020 	 26
421 	 1.0 	 0.200 	 13
422 	 0.0 	 0.040 	 27
423 	 1.0 	 0.020 	 9
424 	 0.0 	 0.110 	 32
425 	 -0.0 	 0.030 	 24
426 	 -0.0 	 0.180 	 34
427 	 1.0 	 0.020 	 13
428 	 -0.0 	 0.150 	 15
429 	 -0.0 	 0.090 	 18
430 	 -0.0 	 0.020 	 30
431 	 0.0 	 0.180 	 34
432 	 0.0 	 0.070 	 26
433 	 -0.0 	 0.200 	 33
434 	 -0.0 	 0.200 	 27
435 	 0.0 	 0.180 	 22
436 	 1.0 	 0.050 	 10
437 	 -0.0 	 0.150 	 25
438 	 0.0 	 0.110 	 34
439 	 0.0 	 0.060 	 28
440 	 -0.0 	 0.140 	 12
441 	 0.0 	 0.090 	 26
442 	 0.0 	 0.110 	 25
443 	 0.0 	 0.150 	 34
444 	 -0.0 	 0.170 	 31
445 	 1.0 	 0.160 	 7
446 	 1.0 	 0.090 	 7
447 	 -0.0 	 0.190 	 30
448 	 0.0 	 0.060 	 25
449 	 -0.0 	 0.070 	 23
450 	 0.0 	 0.040 	 26
451 	 0.0 	 0.180 	 25
452 	 -0.0 	 0.120 	 9
453 	 0.0 	 0.050 	 24
454 	 -0.0 	 0.120 	 24
455 	 0.0 	 0.130 	 18
456 	 1.0 	 0.180 	 8
457 	 0.0 	 0.050 	 15
458 	 0.0 	 0.200 	 7
459 	 0.0 	 0.070 	 25
460 	 -0.0 	 0.060 	 8
461 	 -0.0 	 0.190 	 18
462 	 1.0 	 0.070 	 14
463 	 1.0 	 0.120 	 13
464 	 1.0 	 0.180 	 17
465 	 -0.0 	 0.040 	 20
466 	 -0.0 	 0.120 	 35
467 	 0.0 	 0.190 	 23
468 	 0.0 	 0.060 	 20
469 	 -0.0 	 0.040 	 30
470 	 -0.0 	 0.100 	 19
471 	 1.0 	 0.010 	 10
472 	 1.0 	 0.090 	 9
473 	 0.0 	 0.180 	 35
474 	 -0.0 	 0.140 	 17
475 	 1.0 	 0.080 	 19
476 	 -0.0 	 0.110 	 18
477 	 1.0 	 0.200 	 14
478 	 1.0 	 0.160 	 7
479 	 -0.0 	 0.040 	 12
480 	 -0.0 	 0.170 	 21
481 	 0.0 	 0.170 	 32
482 	 0.0 	 0.040 	 22
483 	 0.0 	 0.060 	 25
484 	 -0.0 	 0.060 	 21
485 	 1.0 	 0.160 	 15
486 	 1.0 	 0.100 	 7
487 	 0.0 	 0.010 	 24
488 	 -0.0 	 0.090 	 12
489 	 0.0 	 0.100 	 32
490 	 -0.0 	 0.090 	 9
491 	 1.0 	 0.180 	 10
492 	 -0.0 	 0.150 	 21
493 	 0.0 	 0.110 	 25
494 	 -0.0 	 0.200 	 14
495 	 0.0 	 0.030 	 14
496 	 0.0 	 0.030 	 22
497 	 -0.0 	 0.110 	 28
498 	 -0.0 	 0.190 	 13
499 	 0.0 	 0.180 	 34
500 	 0.0 	 0.030 	 33
501 	 0.0 	 0.050 	 21
502 	 1.0 	 0.120 	 10
503 	 1.0 	 0.190 	 8
504 	 -0.0 	 0.200 	 21
505 	 0.0 	 0.040 	 35
506 	 0.0 	 0.060 	 31
507 	 -0.0 	 0.200 	 33
508 	 0.0 	 0.070 	 14
509 	 -0.0 	 0.050 	 14
510 	 0.0 	 0.160 	 26
511 	 0.0 	 0.010 	 27
512 	 0.0 	 0.140 	 30
513 	 1.0 	 0.180 	 17
514 	 0.0 	 0.010 	 16
515 	 0.0 	 0.160 	 32
516 	 1.0 	 0.170 	 14
517 	 1.0 	 0.200 	 10
518 	 -0.0 	 0.110 	 23
519 	 0.0 	 0.030 	 29
520 	 -0.0 	 0.080 	 12
521 	 0.0 	 0.050 	 17
522 	 -0.0 	 0.070 	 19
523 	 1.0 	 0.150 	 11
524 	 0.0 	 0.020 	 32
525 	 -0.0 	 0.200 	 31
526 	 1.0 	 0.120 	 16
527 	 -0.0 	 0.020 	 20
528 	 -0.0 	 0.090 	 10
529 	 1.0 	 0.010 	 11
530 	 1.0 	 0.090 	 17
531 	 -0.0 	 0.150 	 22
532 	 -0.0 	 0.130 	 21
533 	 0.0 	 0.060 	 29
534 	 -0.0 	 0.080 	 33
535 	 0.0 	 0.080 	 13
536 	 0.0 	 0.040 	 20
537 	 0.0 	 0.050 	 35
538 	 0.0 	 0.200 	 26
539 	 0.0 	 0.050 	 12
540 	 0.0 	 0.130 	 28
541 	 1.0 	 0.010 	 9
542 	 -0.0 	 0.100 	 34
543 	 -0.0 	 0.020 	 14
544 	 -0.0 	 0.180 	 15
545 	 -0.0 	 0.070 	 19
546 	 -0.0 	 0.130 	 29
547 	 0.0 	 0.080 	 28
548 	 0.0 	 0.180 	 20
549 	 -0.0 	 0.130 	 31
550 	 0.0 	 0.050 	 22
551 	 0.0 	 0.090 	 32
552 	 0.0 	 0.030 	 20
553 	 0.0 	 0.200 	 24
554 	 0.0 	 0.120 	 23
555 	 -0.0 	 0.100 	 18
556 	 0.0 	 0.020 	 33
557 	 0.0 	 0.030 	 26
558 	 0.0 	 0.160 	 35
559 	 1.0 	 0.160 	 9
560 	 -0.0 	 0.030 	 26
561 	 -0.0 	 0.070 	 20
562 	 -0.0 	 0.140 	 36
563 	 -0.0 	 0.160 	 21
564 	 1.0 	 0.130 	 8
565 	 0.0 	 0.140 	 18
566 	 0.0 	 0.070 	 24
567 	 0.0 	 0.010 	 22
568 	 -0.0 	 0.080 	 17
569 	 0.0 	 0.060 	 20
570 	 -0.0 	 0.010 	 30
571 	 0.0 	 0.080 	 26
572 	 1.0 	 0.170 	 13
573 	 -0.0 	 0.180 	 23
574 	 -0.0 	 0.150 	 9
575 	 1.0 	 0.160 	 7
576 	 -0.0 	 0.170 	 14
577 	 0.0 	 0.170 	 34
578 	 -0.0 	 0.130 	 21
579 	 0.0 	 0.150 	 19
580 	 -0.0 	 0.130 	 17
581 	 0.0 	 0.170 	 28
582 	 0.0 	 0.160 	 30
583 	 -0.0 	 0.180 	 15
584 	 0.0 	 0.110 	 17
585 	 0.0 	 0.020 	 17
586 	 0.0 	 0.030 	 29
587 	 0.0 	 0.060 	 21
588 	 -0.0 	 0.080 	 30
589 	 -0.0 	 0.120 	 32
590 	 1.0 	 0.040 	 18
591 	 0.0 	 0.070 	 36
592 	 0.0 	 0.050 	 26
593 	 0.0 	 0.040 	 36
594 	 0.0 	 0.130 	 33
595 	 1.0 	 0.060 	 14
596 	 1.0 	 0.110 	 10
597 	 1.0 	 0.070 	 12
598 	 0.0 	 0.160 	 27
599 	 -0.0 	 0.120 	 23
600 	 1.0 	 0.160 	 8
601 	 -0.0 	 0.020 	 15
602 	 0.0 	 0.010 	 18
603 	 1.0 	 0.120 	 8
604 	 0.0 	 0.110 	 35
605 	 -0.0 	 0.130 	 14
606 	 1.0 	 0.160 	 9
607 	 0.0 	 0.090 	 33
608 	 0.0 	 0.080 	 28
609 	 -0.0 	 0.140 	 13
610 	 0.0 	 0.030 	 22
611 	 1.0 	 0.080 	 9
612 	 0.0 	 0.190 	 15
613 	 0.0 	 0.070 	 34
614 	 1.0 	 0.050 	 8
615 	 0.0 	 0.070 	 28
616 	 0.0 	 0.130 	 28
617 	 0.0 	 0.110 	 19
618 	 0.0 	 0.170 	 20
619 	 -0.0 	 0.180 	 24
620 	 1.0 	 0.140 	 7
621 	 -0.0 	 0.110 	 14
622 	 -0.0 	 0.130 	 14
623 	 -0.0 	 0.050 	 14
624 	 1.0 	 0.100 	 7
625 	 0.0 	 0.060 	 27
626 	 -0.0 	 0.130 	 31
627 	 0.0 	 0.010 	 25
628 	 1.0 	 0.100 	 14
629 	 1.0 	 0.200 	 16
630 	 -0.0 	 0.120 	 10
631 	 -0.0 	 0.200 	 32
632 	 0.0 	 0.160 	 31
633 	 0.0 	 0.140 	 19
634 	 0.0 	 0.160 	 23
635 	 0.0 	 0.140 	 15
636 	 0.0 	 0.180 	 27
637 	 -0.0 	 0.140 	 33
638 	 -0.0 	 0.150 	 9
639 	 0.0 	 0.040 	 29
640 	 -0.0 	 0.100 	 36
641 	 1.0 	 0.100 	 12
642 	 -0.0 	 0.100 	 29
643 	 -0.0 	 0.150 	 15
644 	 1.0 	 0.140 	 7
645 	 -0.0 	 0.170 	 22
646 	 0.0 	 0.130 	 17
647 	 -0.0 	 0.110 	 27
648 	 -0.0 	 0.050 	 27
649 	 -0.0 	 0.080 	 16
650 	 1.0 	 0.190 	 17
651 	 0.0 	 0.040 	 20
652 	 0.0 	 0.050 	 17
653 	 -0.0 	 0.050 	 10
654 	 0.0 	 0.160 	 21
655 	 1.0 	 0.080 	 7
656 	 0.0 	 0.180 	 23
657 	 0.0 	 0.170 	 20
658 	 0.0 	 0.110 	 21
659 	 1.0 	 0.020 	 10
660 	 -0.0 	 0.130 	 16
661 	 -0.0 	 0.130 	 31
662 	 -0.0 	 0.150 	 16
663 	 0.0 	 0.070 	 17
664 	 0.0 	 0.090 	 29
665 	 0.0 	 0.020 	 20
666 	 1.0 	 0.090 	 7
667 	 0.0 	 0.170 	 18
668 	 0.0 	 0.060 	 33
669 	 -0.0 	 0.040 	 22
670 	 -0.0 	 0.130 	 26
671 	 0.0 	 0.020 	 17
672 	 -0.0 	 0.160 	 22
673 	 0.0 	 0.190 	 24
674 	 -0.0 	 0.070 	 11
675 	 -0.0 	 0.180 	 24
676 	 1.0 	 0.160 	 8
677 	 1.0 	 0.040 	 15
678 	 0.0 	 0.150 	 29
679 	 0.0 	 0.030 	 23
680 	 1.0 	 0.200 	 16
681 	 -0.0 	 0.070 	 31
682 	 -0.0 	 0.180 	 15
683 	 -0.0 	 0.040 	 26
684 	 -0.0 	 0.130 	 21
685 	 1.0 	 0.060 	 10
686 	 0.0 	 0.050 	 19
687 	 0.0 	 0.030 	 29
688 	 0.0 	 0.140 	 36
689 	 -0.0 	 0.040 	 15
690 	 0.0 	 0.110 	 16
691 	 -0.0 	 0.150 	 25
692 	 0.0 	 0.110 	 14
693 	 1.0 	 0.040 	 13
694 	 -0.0 	 0.150 	 20
695 	 -0.0 	 0.170 	 7
696 	 -0.0 	 0.200 	 24
697 	 -0.0 	 0.150 	 31
698 	 1.0 	 0.120 	 10
699 	 0.0 	 0.060 	 35
700 	 1.0 	 0.060 	 12
701 	 0.0 	 0.150 	 23
702 	 0.0 	 0.130 	 33
703 	 0.0 	 0.100 	 36
704 	 0.0 	 0.050 	 23
705 	 0.0 	 0.100 	 30
706 	 0.0 	 0.190 	 32
707 	 0.0 	 0.040 	 33
708 	 0.0 	 0.180 	 34
709 	 0.0 	 0.100 	 36
710 	 0.0 	 0.030 	 32
711 	 0.0 	 0.030 	 34
712 	 0.0 	 0.170 	 24
713 	 0.0 	 0.190 	 23
714 	 1.0 	 0.130 	 24
715 	 0.0 	 0.200 	 30
716 	 0.0 	 0.180 	 35
717 	 1.0 	 0.040 	 23
718 	 0.0 	 0.090 	 29
719 	 0.0 	 0.130 	 25
720 	 0.0 	 0.040 	 27
721 	 0.0 	 0.020 	 33
722 	 0.0 	 0.060 	 36
723 	 0.0 	 0.140 	 35
724 	 0.0 	 0.150 	 33
725 	 0.0 	 0.090 	 32
726 	 1.0 	 0.100 	 25
727 	 0.0 	 0.110 	 26
728 	 0.0 	 0.170 	 36
729 	 0.0 	 0.200 	 33
730 	 0.0 	 0.050 	 32
731 	 1.0 	 0.020 	 30
732 	 0.0 	 0.200 	 32
733 	 1.0 	 0.050 	 25
734 	 0.0 	 0.100 	 29
735 	 1.0 	 0.020 	 27
736 	 1.0 	 0.150 	 24
737 	 1.0 	 0.110 	 23
738 	 0.0 	 0.090 	 26
739 	 1.0 	 0.060 	 24
740 	 0.0 	 0.090 	 29
741 	 0.0 	 0.090 	 29
742 	 0.0 	 0.020 	 28
743 	 0.0 	 0.100 	 33
744 	 0.0 	 0.190 	 28
745 	 0.0 	 0.010 	 31
746 	 0.0 	 0.110 	 29
747 	 0.0 	 0.180 	 35
748 	 0.0 	 0.050 	 35
749 	 0.0 	 0.120 	 26
750 	 1.0 	 0.060 	 24
751 	 0.0 	 0.140 	 35
752 	 0.0 	 0.100 	 31
753 	 0.0 	 0.130 	 36
754 	 0.0 	 0.070 	 30
755 	 0.0 	 0.160 	 32
756 	 1.0 	 0.070 	 25
757 	 0.0 	 0.060 	 30
758 	 0.0 	 0.200 	 25
759 	 0.0 	 0.190 	 36
760 	 0.0 	 0.020 	 26
761 	 0.0 	 0.080 	 32
762 	 0.0 	 0.120 	 25
763 	 0.0 	 0.090 	 27
764 	 0.0 	 0.020 	 32
765 	 1.0 	 0.140 	 28
766 	 0.0 	 0.150 	 35
767 	 1.0 	 0.090 	 24
768 	 0.0 	 0.070 	 28
769 	 0.0 	 0.060 	 23
770 	 1.0 	 0.090 	 23
771 	 0.0 	 0.060 	 24
772 	 1.0 	 0.120 	 23
773 	 1.0 	 0.180 	 30
774 	 0.0 	 0.010 	 35
775 	 0.0 	 0.140 	 36
776 	 0.0 	 0.120 	 35
777 	 0.0 	 0.200 	 29
778 	 0.0 	 0.030 	 34
779 	 0.0 	 0.070 	 27
780 	 0.0 	 0.150 	 29
781 	 0.0 	 0.180 	 28
782 	 0.0 	 0.060 	 25
783 	 0.0 	 0.100 	 30
784 	 0.0 	 0.010 	 34
785 	 0.0 	 0.140 	 36
786 	 1.0 	 0.150 	 27
787 	 0.0 	 0.060 	 33
788 	 0.0 	 0.180 	 24
789 	 0.0 	 0.090 	 23
790 	 0.0 	 0.030 	 36
791 	 0.0 	 0.110 	 35
792 	 0.0 	 0.170 	 24
793 	 0.0 	 0.180 	 25
794 	 0.0 	 0.120 	 26
795 	 0.0 	 0.170 	 29
796 	 1.0 	 0.130 	 27
797 	 0.0 	 0.110 	 34
798 	 0.0 	 0.070 	 32
799 	 1.0 	 0.040 	 23
800 	 0.0 	 0.040 	 25
801 	 1.0 	 0.150 	 27
802 	 0.0 	 0.180 	 31
803 	 0.0 	 0.100 	 33
804 	 0.0 	 0.100 	 24
805 	 0.0 	 0.150 	 29
806 	 0.0 	 0.180 	 31
807 	 0.0 	 0.150 	 35
808 	 0.0 	 0.090 	 32
809 	 0.0 	 0.190 	 31
810 	 0.0 	 0.100 	 32
811 	 0.0 	 0.060 	 32
812 	 0.0 	 0.100 	 29
813 	 0.0 	 0.190 	 32
814 	 0.0 	 0.010 	 26
815 	 0.0 	 0.110 	 27
816 	 0.0 	 0.030 	 26
817 	 1.0 	 0.080 	 24
818 	 0.0 	 0.100 	 31
819 	 0.0 	 0.180 	 28
820 	 1.0 	 0.150 	 27
821 	 0.0 	 0.040 	 28
822 	 0.0 	 0.080 	 31
823 	 0.0 	 0.010 	 33
824 	 0.0 	 0.170 	 35
825 	 0.0 	 0.040 	 35
826 	 0.0 	 0.120 	 24
827 	 0.0 	 0.100 	 31
828 	 0.0 	 0.120 	 33
829 	 0.0 	 0.110 	 36
830 	 1.0 	 0.180 	 25
831 	 0.0 	 0.080 	 33
832 	 1.0 	 0.070 	 25
833 	 0.0 	 0.150 	 29
834 	 0.0 	 0.070 	 24
835 	 0.0 	 0.100 	 29
836 	 0.0 	 0.150 	 36
837 	 0.0 	 0.030 	 28
838 	 0.0 	 0.050 	 30
839 	 0.0 	 0.130 	 31
840 	 0.0 	 0.080 	 36
841 	 0.0 	 0.110 	 36
842 	 0.0 	 0.180 	 31
843 	 1.0 	 0.030 	 25
844 	 0.0 	 0.020 	 27
845 	 0.0 	 0.020 	 35
846 	 0.0 	 0.130 	 32
847 	 1.0 	 0.070 	 26
848 	 1.0 	 0.040 	 25
849 	 0.0 	 0.060 	 34
850 	 0.0 	 0.160 	 30
851 	 1.0 	 0.200 	 27
852 	 0.0 	 0.110 	 33
853 	 0.0 	 0.070 	 28
854 	 0.0 	 0.170 	 36
855 	 0.0 	 0.140 	 29
856 	 0.0 	 0.070 	 28
857 	 0.0 	 0.100 	 30
858 	 0.0 	 0.040 	 33
859 	 0.0 	 0.150 	 35
860 	 0.0 	 0.030 	 23
861 	 0.0 	 0.020 	 34
862 	 0.0 	 0.070 	 33
863 	 0.0 	 0.180 	 32
864 	 0.0 	 0.040 	 36
865 	 0.0 	 0.100 	 30
866 	 0.0 	 0.070 	 35
867 	 1.0 	 0.080 	 26
868 	 0.0 	 0.160 	 32
869 	 0.0 	 0.050 	 35
870 	 0.0 	 0.150 	 24
871 	 0.0 	 0.190 	 32
872 	 0.0 	 0.100 	 36
873 	 1.0 	 0.120 	 26
874 	 0.0 	 0.160 	 24
875 	 0.0 	 0.120 	 28
876 	 1.0 	 0.190 	 26
877 	 0.0 	 0.200 	 36
878 	 0.0 	 0.120 	 31
879 	 0.0 	 0.070 	 29
880 	 0.0 	 0.040 	 25
881 	 0.0 	 0.170 	 30
882 	 1.0 	 0.190 	 28
883 	 1.0 	 0.120 	 23
884 	 0.0 	 0.110 	 34
885 	 0.0 	 0.150 	 35
886 	 0.0 	 0.200 	 29
887 	 1.0 	 0.160 	 25
888 	 1.0 	 0.190 	 23
889 	 0.0 	 0.100 	 28
890 	 0.0 	 0.190 	 28
891 	 0.0 	 0.050 	 31
892 	 0.0 	 0.040 	 32
893 	 0.0 	 0.120 	 30
894 	 0.0 	 0.010 	 30
895 	 0.0 	 0.020 	 35
896 	 0.0 	 0.190 	 28
897 	 0.0 	 0.050 	 31
898 	 0.0 	 0.040 	 33
899 	 1.0 	 0.160 	 23
900 	 0.0 	 0.150 	 31
901 	 -0.0 	 0.200 	 20
902 	 -0.0 	 0.040 	 11
903 	 -0.0 	 0.090 	 10
904 	 -0.0 	 0.010 	 13
905 	 -0.0 	 0.100 	 8
906 	 1.0 	 0.110 	 8
907 	 1.0 	 0.010 	 10
908 	 -0.0 	 0.030 	 14
909 	 0.0 	 0.100 	 21
910 	 0.0 	 0.120 	 21
911 	 1.0 	 0.020 	 7
912 	 0.0 	 0.140 	 15
913 	 -0.0 	 0.190 	 13
914 	 0.0 	 0.110 	 21
915 	 1.0 	 0.110 	 10
916 	 1.0 	 0.200 	 11
917 	 0.0 	 0.170 	 15
918 	 0.0 	 0.080 	 17
919 	 -0.0 	 0.110 	 15
920 	 1.0 	 0.090 	 14
921 	 -0.0 	 0.100 	 21
922 	 0.0 	 0.040 	 19
923 	 1.0 	 0.070 	 10
924 	 -0.0 	 0.060 	 10
925 	 -0.0 	 0.050 	 22
926 	 0.0 	 0.020 	 20
927 	 1.0 	 0.100 	 16
928 	 1.0 	 0.070 	 15
929 	 1.0 	 0.130 	 8
930 	 0.0 	 0.190 	 21
931 	 0.0 	 0.150 	 13
932 	 -0.0 	 0.160 	 17
933 	 1.0 	 0.200 	 13
934 	 -0.0 	 0.200 	 12
935 	 -0.0 	 0.160 	 19
936 	 -0.0 	 0.040 	 13
937 	 -0.0 	 0.090 	 10
938 	 0.0 	 0.150 	 15
939 	 1.0 	 0.130 	 10
940 	 1.0 	 0.100 	 11
941 	 0.0 	 0.120 	 18
942 	 1.0 	 0.050 	 11
943 	 0.0 	 0.060 	 16
944 	 1.0 	 0.120 	 12
945 	 1.0 	 0.110 	 10
946 	 1.0 	 0.160 	 8
947 	 -0.0 	 0.100 	 22
948 	 0.0 	 0.010 	 19
949 	 -0.0 	 0.030 	 11
950 	 1.0 	 0.070 	 8
951 	 0.0 	 0.090 	 16
952 	 -0.0 	 0.040 	 16
953 	 1.0 	 0.150 	 14
954 	 -0.0 	 0.150 	 14
955 	 0.0 	 0.090 	 18
956 	 1.0 	 0.180 	 17
957 	 0.0 	 0.190 	 20
958 	 -0.0 	 0.140 	 16
959 	 -0.0 	 0.040 	 17
960 	 0.0 	 0.060 	 14
961 	 -0.0 	 0.090 	 15
962 	 1.0 	 0.180 	 7
963 	 1.0 	 0.200 	 14
964 	 -0.0 	 0.200 	 22
965 	 1.0 	 0.010 	 10
966 	 0.0 	 0.070 	 19
967 	 0.0 	 0.080 	 20
968 	 1.0 	 0.020 	 9
969 	 1.0 	 0.010 	 12
970 	 -0.0 	 0.120 	 15
971 	 -0.0 	 0.130 	 14
972 	 -0.0 	 0.140 	 22
973 	 1.0 	 0.110 	 8
974 	 0.0 	 0.060 	 20
975 	 0.0 	 0.020 	 19
976 	 -0.0 	 0.030 	 14
977 	 1.0 	 0.160 	 11
978 	 1.0 	 0.080 	 17
979 	 1.0 	 0.120 	 10
980 	 0.0 	 0.010 	 15
981 	 0.0 	 0.040 	 20
982 	 -0.0 	 0.170 	 11
983 	 -0.0 	 0.130 	 12
984 	 0.0 	 0.050 	 18
985 	 1.0 	 0.190 	 7
986 	 -0.0 	 0.040 	 17
987 	 1.0 	 0.150 	 11
988 	 0.0 	 0.030 	 20
989 	 0.0 	 0.140 	 18
990 	 -0.0 	 0.110 	 22
991 	 0.0 	 0.140 	 19
992 	 0.0 	 0.200 	 22
993 	 1.0 	 0.180 	 10
994 	 -0.0 	 0.150 	 7
995 	 0.0 	 0.090 	 20
996 	 0.0 	 0.030 	 16
997 	 0.0 	 0.130 	 21
998 	 0.0 	 0.110 	 18
999 	 0.0 	 0.010 	 21
1000 	 0.0 	 0.100 	 20
1001 	 1.0 	 0.090 	 7
1002 	 1.0 	 0.050 	 8
1003 	 -0.0 	 0.140 	 11
1004 	 -0.0 	 0.160 	 15
1005 	 -0.0 	 0.180 	 17
1006 	 0.0 	 0.090 	 18
1007 	 0.0 	 0.080 	 19
1008 	 1.0 	 0.030 	 7
1009 	 0.0 	 0.030 	 15
1010 	 1.0 	 0.160 	 15
1011 	 1.0 	 0.080 	 12
1012 	 0.0 	 0.200 	 22
1013 	 0.0 	 0.020 	 20
1014 	 -0.0 	 0.150 	 18
1015 	 0.0 	 0.170 	 8
1016 	 1.0 	 0.120 	 14
1017 	 -0.0 	 0.200 	 20
1018 	 -0.0 	 0.190 	 9
1019 	 1.0 	 0.100 	 8
1020 	 -0.0 	 0.160 	 22
1021 	 0.0 	 0.020 	 18
1022 	 1.0 	 0.190 	 8
1023 	 1.0 	 0.020 	 13
1024 	 1.0 	 0.130 	 15
1025 	 1.0 	 0.160 	 10
1026 	 1.0 	 0.120 	 10
1027 	 0.0 	 0.180 	 22
1028 	 1.0 	 0.100 	 9
1029 	 0.0 	 0.200 	 15
1030 	 -0.0 	 0.050 	 13
1031 	 -0.0 	 0.170 	 12
1032 	 1.0 	 0.120 	 13
1033 	 -0.0 	 0.160 	 22
1034 	 1.0 	 0.100 	 7
1035 	 1.0 	 0.050 	 17
1036 	 0.0 	 0.150 	 16
1037 	 -0.0 	 0.200 	 19
1038 	 1.0 	 0.070 	 14
1039 	 0.0 	 0.110 	 19
1040 	 0.0 	 0.110 	 22
1041 	 0.0 	 0.040 	 21
1042 	 -0.0 	 0.200 	 18
1043 	 1.0 	 0.090 	 11
1044 	 1.0 	 0.030 	 16
1045 	 -0.0 	 0.130 	 11
1046 	 -0.0 	 0.160 	 12
1047 	 0.0 	 0.160 	 22
1048 	 1.0 	 0.130 	 8
1049 	 0.0 	 0.190 	 14
1050 	 -0.0 	 0.120 	 19
1051 	 -0.0 	 0.200 	 17
1052 	 -0.0 	 0.010 	 15
1053 	 1.0 	 0.170 	 14
1054 	 0.0 	 0.050 	 21
1055 	 0.0 	 0.190 	 21
1056 	 1.0 	 0.170 	 9
1057 	 -0.0 	 0.200 	 18
1058 	 0.0 	 0.160 	 17
1059 	 1.0 	 0.120 	 8
1060 	 1.0 	 0.030 	 12
1061 	 1.0 	 0.060 	 9
1062 	 0.0 	 0.120 	 17
1063 	 1.0 	 0.040 	 9
1064 	 1.0 	 0.040 	 14
1065 	 0.0 	 0.080 	 14
1066 	 -0.0 	 0.090 	 18
1067 	 1.0 	 0.130 	 9
1068 	 1.0 	 0.160 	 8
1069 	 1.0 	 0.170 	 16
1070 	 -0.0 	 0.090 	 19
1071 	 0.0 	 0.080 	 14
1072 	 1.0 	 0.200 	 8
1073 	 1.0 	 0.060 	 8
1074 	 0.0 	 0.010 	 14
1075 	 -0.0 	 0.020 	 10
1076 	 0.0 	 0.190 	 20
1077 	 0.0 	 0.040 	 21
1078 	 -0.0 	 0.180 	 16
1079 	 -0.0 	 0.050 	 10
1080 	 1.0 	 0.050 	 7
1081 	 1.0 	 0.170 	 14
1082 	 -0.0 	 0.160 	 12
1083 	 0.0 	 0.120 	 18
1084 	 1.0 	 0.020 	 7
1085 	 -0.0 	 0.040 	 21
1086 	 0.0 	 0.130 	 21
1087 	 -0.0 	 0.190 	 15
1088 	 0.0 	 0.080 	 18
1089 	 1.0 	 0.070 	 9
1090 	 -0.0 	 0.150 	 19
1091 	 0.0 	 0.170 	 15
1092 	 -0.0 	 0.010 	 19
1093 	 -0.0 	 0.120 	 10
1094 	 -0.0 	 0.190 	 10
1095 	 0.0 	 0.140 	 14
1096 	 -0.0 	 0.040 	 22
1097 	 1.0 	 0.180 	 13
1098 	 0.0 	 0.010 	 16
1099 	 1.0 	 0.060 	 9
1100 	 1.0 	 0.040 	 8
1101 	 1.0 	 0.130 	 11
1102 	 1.0 	 0.130 	 14
1103 	 0.0 	 0.040 	 16
1104 	 -0.0 	 0.040 	 14
1105 	 1.0 	 0.030 	 11
1106 	 0.0 	 0.190 	 18
1107 	 0.0 	 0.140 	 16
1108 	 0.0 	 0.120 	 22
1109 	 1.0 	 0.080 	 11
1110 	 -0.0 	 0.030 	 22
1111 	 0.0 	 0.060 	 17
1112 	 1.0 	 0.120 	 9
1113 	 -0.0 	 0.140 	 9
1114 	 0.0 	 0.010 	 19
1115 	 1.0 	 0.100 	 10
1116 	 -0.0 	 0.060 	 20
1117 	 -0.0 	 0.140 	 22
1118 	 1.0 	 0.070 	 7
1119 	 1.0 	 0.040 	 13
1120 	 1.0 	 0.050 	 11
1121 	 -0.0 	 0.140 	 10
1122 	 1.0 	 0.180 	 7
1123 	 -0.0 	 0.120 	 20
1124 	 1.0 	 0.010 	 11
1125 	 0.0 	 0.190 	 21
1126 	 -0.0 	 0.120 	 21
1127 	 0.0 	 0.160 	 15
1128 	 -0.0 	 0.170 	 17
1129 	 0.0 	 0.090 	 15
1130 	 0.0 	 0.010 	 18
1131 	 -0.0 	 0.160 	 12
1132 	 1.0 	 0.060 	 8
1133 	 1.0 	 0.030 	 10
1134 	 -0.0 	 0.040 	 11
1135 	 0.0 	 0.040 	 16
1136 	 -0.0 	 0.020 	 22
1137 	 1.0 	 0.060 	 10
1138 	 1.0 	 0.160 	 12
1139 	 0.0 	 0.040 	 15
1140 	 1.0 	 0.060 	 7
1141 	 -0.0 	 0.190 	 16
1142 	 -0.0 	 0.150 	 10
1143 	 -0.0 	 0.040 	 22
1144 	 0.0 	 0.080 	 18
1145 	 -0.0 	 0.050 	 21
1146 	 -0.0 	 0.190 	 18
1147 	 0.0 	 0.090 	 14
1148 	 0.0 	 0.160 	 19
1149 	 0.0 	 0.200 	 20
1150 	 -0.0 	 0.190 	 19
1151 	 1.0 	 0.170 	 18
1152 	 1.0 	 0.100 	 11
1153 	 0.0 	 0.110 	 20
1154 	 -0.0 	 0.120 	 20
1155 	 0.0 	 0.080 	 15
1156 	 1.0 	 0.180 	 10
1157 	 -0.0 	 0.060 	 17
1158 	 -0.0 	 0.080 	 12
1159 	 -0.0 	 0.150 	 20
1160 	 -0.0 	 0.100 	 17
1161 	 0.0 	 0.080 	 13
1162 	 1.0 	 0.020 	 15
1163 	 1.0 	 0.190 	 10
1164 	 1.0 	 0.010 	 11
1165 	 -0.0 	 0.190 	 16
1166 	 0.0 	 0.050 	 21
1167 	 0.0 	 0.060 	 16
1168 	 0.0 	 0.120 	 20
1169 	 -0.0 	 0.080 	 13
1170 	 0.0 	 0.160 	 22
1171 	 1.0 	 0.020 	 7
1172 	 0.0 	 0.140 	 8
1173 	 -0.0 	 0.100 	 12
1174 	 1.0 	 0.030 	 10
1175 	 1.0 	 0.010 	 13
1176 	 -0.0 	 0.200 	 15
1177 	 -0.0 	 0.190 	 14
1178 	 -0.0 	 0.110 	 17
1179 	 1.0 	 0.170 	 11
1180 	 1.0 	 0.010 	 7
1181 	 -0.0 	 0.180 	 13
1182 	 1.0 	 0.180 	 9
1183 	 0.0 	 0.080 	 22
1184 	 -0.0 	 0.100 	 22
1185 	 1.0 	 0.130 	 7
1186 	 -0.0 	 0.060 	 16
1187 	 0.0 	 0.170 	 15
1188 	 1.0 	 0.030 	 9
1189 	 1.0 	 0.050 	 10
1190 	 1.0 	 0.090 	 8
1191 	 1.0 	 0.090 	 13
1192 	 -0.0 	 0.160 	 13
1193 	 0.0 	 0.080 	 12
1194 	 -0.0 	 0.100 	 16
1195 	 1.0 	 0.170 	 15
1196 	 1.0 	 0.150 	 11
1197 	 1.0 	 0.090 	 14
1198 	 -0.0 	 0.120 	 19
1199 	 -0.0 	 0.150 	 21
1200 	 0.0 	 0.160 	 18
1201 	 0.0 	 0.080 	 18
1202 	 0.0 	 0.010 	 32
1203 	 1.0 	 0.110 	 16
1204 	 0.0 	 0.160 	 14
1205 	 0.0 	 0.110 	 16
1206 	 0.0 	 0.060 	 32
1207 	 -0.0 	 0.120 	 14
1208 	 0.0 	 0.090 	 28
1209 	 0.0 	 0.140 	 36
1210 	 0.0 	 0.050 	 28
1211 	 1.0 	 0.050 	 11
1212 	 0.0 	 0.190 	 24
1213 	 -0.0 	 0.130 	 33
1214 	 0.0 	 0.040 	 30
1215 	 0.0 	 0.040 	 36
1216 	 0.0 	 0.180 	 29
1217 	 -0.0 	 0.150 	 33
1218 	 -0.0 	 0.060 	 18
1219 	 0.0 	 0.030 	 35
1220 	 -0.0 	 0.190 	 21
1221 	 0.0 	 0.110 	 34
1222 	 0.0 	 0.120 	 22
1223 	 0.0 	 0.070 	 27
1224 	 -0.0 	 0.010 	 20
1225 	 0.0 	 0.170 	 24
1226 	 -0.0 	 0.100 	 35
1227 	 -0.0 	 0.120 	 12
1228 	 -0.0 	 0.120 	 21
1229 	 0.0 	 0.130 	 16
1230 	 1.0 	 0.110 	 15
1231 	 -0.0 	 0.070 	 14
1232 	 -0.0 	 0.160 	 22
1233 	 -0.0 	 0.140 	 30
1234 	 -0.0 	 0.080 	 18
1235 	 -0.0 	 0.100 	 26
1236 	 -0.0 	 0.010 	 12
1237 	 -0.0 	 0.110 	 14
1238 	 -0.0 	 0.170 	 16
1239 	 -0.0 	 0.030 	 27
1240 	 0.0 	 0.150 	 35
1241 	 -0.0 	 0.070 	 35
1242 	 -0.0 	 0.190 	 11
1243 	 -0.0 	 0.090 	 32
1244 	 1.0 	 0.110 	 12
1245 	 -0.0 	 0.190 	 13
1246 	 1.0 	 0.150 	 15
1247 	 0.0 	 0.010 	 35
1248 	 -0.0 	 0.090 	 29
1249 	 -0.0 	 0.170 	 31
1250 	 0.0 	 0.020 	 35
1251 	 -0.0 	 0.020 	 20
1252 	 1.0 	 0.130 	 13
1253 	 -0.0 	 0.050 	 14
1254 	 -0.0 	 0.020 	 16
1255 	 -0.0 	 0.170 	 33
1256 	 0.0 	 0.150 	 23
1257 	 0.0 	 0.090 	 25
1258 	 0.0 	 0.040 	 20
1259 	 -0.0 	 0.060 	 14
1260 	 -0.0 	 0.020 	 29
1261 	 0.0 	 0.070 	 29
1262 	 0.0 	 0.080 	 32
1263 	 1.0 	 0.100 	 12
1264 	 1.0 	 0.200 	 12
1265 	 -0.0 	 0.150 	 19
1266 	 0.0 	 0.150 	 33
1267 	 0.0 	 0.140 	 22
1268 	 0.0 	 0.190 	 31
1269 	 -0.0 	 0.170 	 12
1270 	 0.0 	 0.180 	 17
1271 	 -0.0 	 0.190 	 30
1272 	 1.0 	 0.150 	 11
1273 	 0.0 	 0.150 	 34
1274 	 1.0 	 0.110 	 11
1275 	 -0.0 	 0.190 	 15
1276 	 -0.0 	 0.040 	 18
1277 	 -0.0 	 0.100 	 16
1278 	 -0.0 	 0.070 	 13
1279 	 0.0 	 0.130 	 31
1280 	 0.0 	 0.060 	 19
1281 	 1.0 	 0.130 	 12
1282 	 0.0 	 0.040 	 17
1283 	 0.0 	 0.180 	 21
1284 	 0.0 	 0.200 	 19
1285 	 0.0 	 0.100 	 24
1286 	 -0.0 	 0.130 	 32
1287 	 0.0 	 0.030 	 31
1288 	 0.0 	 0.040 	 21
1289 	 -0.0 	 0.200 	 21
1290 	 1.0 	 0.180 	 13
1291 	 0.0 	 0.130 	 18
1292 	 1.0 	 0.170 	 14
1293 	 -0.0 	 0.200 	 23
1294 	 0.0 	 0.070 	 17
1295 	 -0.0 	 0.060 	 17
1296 	 -0.0 	 0.070 	 36
1297 	 -0.0 	 0.140 	 22
1298 	 1.0 	 0.010 	 16
1299 	 -0.0 	 0.080 	 15
1300 	 -0.0 	 0.130 	 11
1301 	 0.0 	 0.070 	 27
1302 	 -0.0 	 0.200 	 28
1303 	 0.0 	 0.020 	 15
1304 	 0.0 	 0.100 	 34
1305 	 -0.0 	 0.020 	 25
1306 	 0.0 	 0.030 	 33
1307 	 0.0 	 0.150 	 15
1308 	 -0.0 	 0.130 	 19
1309 	 0.0 	 0.020 	 26
1310 	 0.0 	 0.100 	 23
1311 	 1.0 	 0.110 	 14
1312 	 0.0 	 0.130 	 18
1313 	 0.0 	 0.160 	 22
1314 	 -0.0 	 0.190 	 21
1315 	 -0.0 	 0.080 	 34
1316 	 -0.0 	 0.070 	 26
1317 	 0.0 	 0.030 	 23
1318 	 1.0 	 0.010 	 16
1319 	 -0.0 	 0.160 	 33
1320 	 -0.0 	 0.190 	 35
1321 	 0.0 	 0.110 	 27
1322 	 -0.0 	 0.170 	 30
1323 	 0.0 	 0.020 	 36
1324 	 1.0 	 0.120 	 15
1325 	 -0.0 	 0.040 	 18
1326 	 0.0 	 0.040 	 17
1327 	 0.0 	 0.070 	 30
1328 	 0.0 	 0.040 	 34
1329 	 0.0 	 0.110 	 23
1330 	 0.0 	 0.110 	 23
1331 	 0.0 	 0.020 	 23
1332 	 -0.0 	 0.200 	 19
1333 	 0.0 	 0.030 	 20
1334 	 -0.0 	 0.080 	 34
1335 	 0.0 	 0.120 	 18
1336 	 -0.0 	 0.130 	 25
1337 	 -0.0 	 0.140 	 20
1338 	 0.0 	 0.140 	 20
1339 	 -0.0 	 0.030 	 31
1340 	 1.0 	 0.100 	 15
1341 	 -0.0 	 0.150 	 21
1342 	 -0.0 	 0.170 	 24
1343 	 0.0 	 0.080 	 31
1344 	 0.0 	 0.080 	 34
1345 	 0.0 	 0.150 	 36
1346 	 -0.0 	 0.190 	 29
1347 	 0.0 	 0.050 	 32
1348 	 1.0 	 0.130 	 18
1349 	 0.0 	 0.070 	 35
1350 	 0.0 	 0.020 	 36
1351 	 0.0 	 0.070 	 25
1352 	 0.0 	 0.090 	 18
1353 	 0.0 	 0.060 	 35
1354 	 0.0 	 0.020 	 17
1355 	 0.0 	 0.010 	 32
1356 	 0.0 	 0.150 	 33
1357 	 0.0 	 0.040 	 28
1358 	 1.0 	 0.020 	 16
1359 	 0.0 	 0.120 	 24
1360 	 -0.0 	 0.020 	 36
1361 	 -0.0 	 0.060 	 17
1362 	 0.0 	 0.070 	 32
1363 	 0.0 	 0.190 	 35
1364 	 -0.0 	 0.150 	 15
1365 	 -0.0 	 0.140 	 34
1366 	 -0.0 	 0.180 	 26
1367 	 -0.0 	 0.180 	 21
1368 	 0.0 	 0.020 	 24
1369 	 -0.0 	 0.170 	 22
1370 	 -0.0 	 0.140 	 19
1371 	 0.0 	 0.010 	 29
1372 	 -0.0 	 0.200 	 28
1373 	 -0.0 	 0.150 	 19
1374 	 -0.0 	 0.120 	 15
1375 	 0.0 	 0.030 	 30
1376 	 0.0 	 0.160 	 26
1377 	 -0.0 	 0.150 	 27
1378 	 0.0 	 0.010 	 36
1379 	 1.0 	 0.040 	 11
1380 	 -0.0 	 0.040 	 34
1381 	 1.0 	 0.050 	 15
1382 	 -0.0 	 0.070 	 24
1383 	 0.0 	 0.200 	 30
1384 	 -0.0 	 0.170 	 27
1385 	 -0.0 	 0.010 	 12
1386 	 -0.0 	 0.170 	 30
1387 	 1.0 	 0.030 	 11
1388 	 -0.0 	 0.110 	 13
1389 	 -0.0 	 0.040 	 20
1390 	 0.0 	 0.160 	 36
1391 	 0.0 	 0.020 	 34
1392 	 -0.0 	 0.080 	 11
1393 	 0.0 	 0.170 	 20
1394 	 0.0 	 0.010 	 26
1395 	 0.0 	 0.130 	 22
1396 	 -0.0 	 0.010 	 15
1397 	 0.0 	 0.050 	 15
1398 	 -0.0 	 0.130 	 34
1399 	 0.0 	 0.110 	 32
1400 	 0.0 	 0.180 	 32
1401 	 0.0 	 0.170 	 19
1402 	 0.0 	 0.070 	 28
1403 	 0.0 	 0.080 	 21
1404 	 0.0 	 0.060 	 34
1405 	 -0.0 	 0.160 	 30
1406 	 0.0 	 0.090 	 35
1407 	 1.0 	 0.150 	 11
1408 	 0.0 	 0.160 	 16
1409 	 -0.0 	 0.020 	 36
1410 	 -0.0 	 0.020 	 15
1411 	 1.0 	 0.100 	 18
1412 	 -0.0 	 0.100 	 32
1413 	 -0.0 	 0.170 	 30
1414 	 -0.0 	 0.080 	 25
1415 	 -0.0 	 0.070 	 29
1416 	 0.0 	 0.180 	 34
1417 	 0.0 	 0.130 	 32
1418 	 0.0 	 0.040 	 17
1419 	 1.0 	 0.060 	 15
1420 	 -0.0 	 0.140 	 31
1421 	 -0.0 	 0.180 	 13
1422 	 0.0 	 0.190 	 36
1423 	 -0.0 	 0.090 	 35
1424 	 -0.0 	 0.160 	 26
1425 	 0.0 	 0.100 	 22
1426 	 -0.0 	 0.160 	 35
1427 	 1.0 	 0.020 	 12
1428 	 0.0 	 0.020 	 27
1429 	 -0.0 	 0.060 	 13
1430 	 0.0 	 0.110 	 26
1431 	 -0.0 	 0.120 	 30
1432 	 0.0 	 0.140 	 18
1433 	 0.0 	 0.130 	 35
1434 	 0.0 	 0.170 	 15
1435 	 -0.0 	 0.100 	 20
1436 	 -0.0 	 0.080 	 22
1437 	 0.0 	 0.200 	 28
1438 	 0.0 	 0.160 	 14
1439 	 -0.0 	 0.080 	 15
1440 	 0.0 	 0.050 	 18
1441 	 -0.0 	 0.140 	 25
1442 	 0.0 	 0.120 	 35
1443 	 -0.0 	 0.050 	 23
1444 	 0.0 	 0.040 	 27
1445 	 -0.0 	 0.160 	 31
1446 	 0.0 	 0.110 	 29
1447 	 -0.0 	 0.150 	 14
1448 	 0.0 	 0.010 	 26
1449 	 -0.0 	 0.070 	 32
1450 	 -0.0 	 0.160 	 30
1451 	 -0.0 	 0.050 	 30
1452 	 -0.0 	 0.110 	 26
1453 	 0.0 	 0.140 	 25
1454 	 0.0 	 0.180 	 27
1455 	 0.0 	 0.150 	 33
1456 	 0.0 	 0.190 	 19
1457 	 0.0 	 0.020 	 24
1458 	 0.0 	 0.080 	 23
1459 	 -0.0 	 0.190 	 19
1460 	 0.0 	 0.060 	 29
1461 	 0.0 	 0.090 	 25
1462 	 -0.0 	 0.180 	 32
1463 	 -0.0 	 0.050 	 21
1464 	 -0.0 	 0.030 	 24
1465 	 -0.0 	 0.090 	 15
1466 	 0.0 	 0.090 	 22
1467 	 -0.0 	 0.040 	 36
1468 	 0.0 	 0.190 	 23
1469 	 0.0 	 0.150 	 16
1470 	 0.0 	 0.020 	 18
1471 	 -0.0 	 0.160 	 20
1472 	 0.0 	 0.160 	 19
1473 	 -0.0 	 0.010 	 12
1474 	 -0.0 	 0.020 	 15
1475 	 0.0 	 0.090 	 15
1476 	 0.0 	 0.120 	 32
1477 	 0.0 	 0.160 	 27
1478 	 -0.0 	 0.130 	 34
1479 	 -0.0 	 0.200 	 35
1480 	 -0.0 	 0.070 	 27
1481 	 -0.0 	 0.020 	 15
1482 	 0.0 	 0.180 	 17
1483 	 0.0 	 0.190 	 31
1484 	 -0.0 	 0.060 	 16
1485 	 0.0 	 0.050 	 30
1486 	 0.0 	 0.040 	 18
1487 	 0.0 	 0.170 	 19
1488 	 0.0 	 0.070 	 17
1489 	 0.0 	 0.020 	 15
1490 	 -0.0 	 0.170 	 36
1491 	 0.0 	 0.070 	 36
1492 	 -0.0 	 0.050 	 17
1493 	 0.0 	 0.110 	 24
1494 	 0.0 	 0.130 	 18
1495 	 -0.0 	 0.140 	 22
1496 	 -0.0 	 0.070 	 25
1497 	 -0.0 	 0.080 	 36
1498 	 0.0 	 0.040 	 29
1499 	 -0.0 	 0.080 	 17
1500 	 -0.0 	 0.110 	 26
1501 	 1.0 	 0.180 	 12
1502 	 -0.0 	 0.090 	 22
1503 	 -0.0 	 0.010 	 32
1504 	 0.0 	 0.090 	 21
1505 	 -0.0 	 0.130 	 32
1506 	 -0.0 	 0.200 	 21
1507 	 -0.0 	 0.200 	 19
1508 	 0.0 	 0.100 	 23
1509 	 -0.0 	 0.040 	 13
1510 	 0.0 	 0.020 	 16
1511 	 -0.0 	 0.050 	 35
1512 	 -0.0 	 0.150 	 17
1513 	 -0.0 	 0.010 	 14
1514 	 0.0 	 0.060 	 21
1515 	 -0.0 	 0.110 	 27
1516 	 1.0 	 0.170 	 13
1517 	 0.0 	 0.130 	 34
1518 	 -0.0 	 0.100 	 12
1519 	 -0.0 	 0.140 	 25
1520 	 0.0 	 0.140 	 29
1521 	 -0.0 	 0.140 	 25
1522 	 -0.0 	 0.140 	 26
1523 	 -0.0 	 0.070 	 30
1524 	 0.0 	 0.010 	 26
1525 	 -0.0 	 0.140 	 12
1526 	 0.0 	 0.180 	 33
1527 	 -0.0 	 0.040 	 19
1528 	 -0.0 	 0.170 	 36
1529 	 -0.0 	 0.090 	 32
1530 	 0.0 	 0.010 	 29
1531 	 -0.0 	 0.150 	 23
1532 	 1.0 	 0.050 	 11
1533 	 -0.0 	 0.190 	 31
1534 	 -0.0 	 0.120 	 30
1535 	 -0.0 	 0.170 	 18
1536 	 -0.0 	 0.030 	 11
1537 	 0.0 	 0.140 	 35
1538 	 0.0 	 0.150 	 35
1539 	 0.0 	 0.160 	 26
1540 	 0.0 	 0.030 	 18
1541 	 1.0 	 0.070 	 14
1542 	 0.0 	 0.190 	 23
1543 	 0.0 	 0.130 	 31
1544 	 0.0 	 0.110 	 27
1545 	 -0.0 	 0.090 	 13
1546 	 0.0 	 0.030 	 23
1547 	 0.0 	 0.130 	 30
1548 	 0.0 	 0.060 	 12
1549 	 1.0 	 0.200 	 15
1550 	 -0.0 	 0.160 	 34
1551 	 0.0 	 0.050 	 17
1552 	 -0.0 	 0.080 	 25
1553 	 0.0 	 0.110 	 36
1554 	 -0.0 	 0.120 	 26
1555 	 -0.0 	 0.180 	 23
1556 	 0.0 	 0.200 	 29
1557 	 0.0 	 0.200 	 36
1558 	 1.0 	 0.120 	 12
1559 	 -0.0 	 0.040 	 34
1560 	 0.0 	 0.050 	 28
1561 	 -0.0 	 0.010 	 17
1562 	 0.0 	 0.130 	 35
1563 	 0.0 	 0.120 	 21
1564 	 -0.0 	 0.190 	 31
1565 	 0.0 	 0.130 	 19
1566 	 0.0 	 0.030 	 20
1567 	 0.0 	 0.180 	 34
1568 	 -0.0 	 0.170 	 20
1569 	 1.0 	 0.040 	 14
1570 	 0.0 	 0.130 	 20
1571 	 -0.0 	 0.190 	 29
1572 	 -0.0 	 0.170 	 23
1573 	 0.0 	 0.090 	 18
1574 	 0.0 	 0.190 	 19
1575 	 0.0 	 0.070 	 29
1576 	 0.0 	 0.140 	 19
1577 	 0.0 	 0.060 	 28
1578 	 -0.0 	 0.100 	 32
1579 	 0.0 	 0.130 	 33
1580 	 1.0 	 0.110 	 11
1581 	 -0.0 	 0.160 	 14
1582 	 1.0 	 0.150 	 11
1583 	 -0.0 	 0.040 	 26
1584 	 0.0 	 0.020 	 19
1585 	 1.0 	 0.060 	 15
1586 	 0.0 	 0.020 	 35
1587 	 -0.0 	 0.080 	 22
1588 	 0.0 	 0.090 	 18
1589 	 0.0 	 0.020 	 34
1590 	 0.0 	 0.120 	 16
1591 	 0.0 	 0.070 	 18
1592 	 -0.0 	 0.060 	 11
1593 	 0.0 	 0.020 	 29
1594 	 -0.0 	 0.140 	 27
1595 	 0.0 	 0.160 	 24
1596 	 -0.0 	 0.110 	 16
1597 	 -0.0 	 0.110 	 11
1598 	 0.0 	 0.150 	 27
1599 	 0.0 	 0.170 	 19
1600 	 0.0 	 0.070 	 25
1601 	 0.0 	 0.130 	 22
1602 	 -0.0 	 0.150 	 28
1603 	 0.0 	 0.180 	 18
1604 	 0.0 	 0.050 	 14
1605 	 -0.0 	 0.110 	 34
1606 	 0.0 	 0.070 	 27
1607 	 0.0 	 0.170 	 18
1608 	 1.0 	 0.110 	 17
1609 	 -0.0 	 0.170 	 34
1610 	 -0.0 	 0.160 	 20
1611 	 0.0 	 0.080 	 36
1612 	 -0.0 	 0.010 	 22
1613 	 0.0 	 0.030 	 12
1614 	 1.0 	 0.060 	 14
1615 	 0.0 	 0.070 	 15
1616 	 0.0 	 0.020 	 33
1617 	 0.0 	 0.090 	 30
1618 	 -0.0 	 0.060 	 29
1619 	 1.0 	 0.020 	 13
1620 	 -0.0 	 0.100 	 16
1621 	 -0.0 	 0.170 	 31
1622 	 -0.0 	 0.180 	 31
1623 	 -0.0 	 0.140 	 33
1624 	 -0.0 	 0.170 	 31
1625 	 0.0 	 0.010 	 17
1626 	 0.0 	 0.090 	 29
1627 	 0.0 	 0.050 	 21
1628 	 -0.0 	 0.170 	 13
1629 	 -0.0 	 0.200 	 11
1630 	 0.0 	 0.040 	 29
1631 	 -0.0 	 0.170 	 18
1632 	 -0.0 	 0.060 	 36
1633 	 0.0 	 0.010 	 23
1634 	 -0.0 	 0.040 	 36
1635 	 -0.0 	 0.010 	 36
1636 	 -0.0 	 0.180 	 12
1637 	 0.0 	 0.060 	 34
1638 	 -0.0 	 0.200 	 21
1639 	 1.0 	 0.150 	 16
1640 	 0.0 	 0.180 	 26
1641 	 0.0 	 0.140 	 31
1642 	 -0.0 	 0.120 	 17
1643 	 -0.0 	 0.200 	 22
1644 	 0.0 	 0.060 	 31
1645 	 -0.0 	 0.060 	 36
1646 	 -0.0 	 0.110 	 17
1647 	 1.0 	 0.010 	 16
1648 	 -0.0 	 0.170 	 17
1649 	 0.0 	 0.040 	 33
1650 	 0.0 	 0.160 	 35
1651 	 0.0 	 0.140 	 19
1652 	 0.0 	 0.030 	 13
1653 	 -0.0 	 0.200 	 22
1654 	 -0.0 	 0.130 	 16
1655 	 -0.0 	 0.130 	 33
1656 	 0.0 	 0.190 	 17
1657 	 -0.0 	 0.030 	 30
1658 	 -0.0 	 0.090 	 30
1659 	 0.0 	 0.140 	 25
1660 	 -0.0 	 0.090 	 20
1661 	 0.0 	 0.020 	 21
1662 	 0.0 	 0.200 	 26
1663 	 -0.0 	 0.190 	 36
1664 	 -0.0 	 0.150 	 22
1665 	 0.0 	 0.020 	 17
1666 	 1.0 	 0.010 	 13
1667 	 0.0 	 0.030 	 19
1668 	 0.0 	 0.100 	 32
1669 	 0.0 	 0.140 	 34
1670 	 -0.0 	 0.140 	 36
1671 	 1.0 	 0.100 	 11
1672 	 -0.0 	 0.170 	 31
1673 	 0.0 	 0.120 	 20
1674 	 0.0 	 0.040 	 36
1675 	 -0.0 	 0.080 	 29
1676 	 -0.0 	 0.180 	 19
1677 	 1.0 	 0.140 	 15
1678 	 -0.0 	 0.070 	 21
1679 	 0.0 	 0.030 	 23
1680 	 0.0 	 0.040 	 14
1681 	 1.0 	 0.160 	 11
1682 	 -0.0 	 0.060 	 33
1683 	 1.0 	 0.010 	 16
1684 	 -0.0 	 0.110 	 30
1685 	 0.0 	 0.180 	 20
1686 	 -0.0 	 0.020 	 26
1687 	 0.0 	 0.090 	 15
1688 	 0.0 	 0.020 	 17
1689 	 0.0 	 0.110 	 30
1690 	 -0.0 	 0.070 	 23
1691 	 -0.0 	 0.020 	 18
1692 	 1.0 	 0.010 	 11
1693 	 1.0 	 0.190 	 16
1694 	 0.0 	 0.180 	 28
1695 	 0.0 	 0.170 	 25
1696 	 1.0 	 0.080 	 13
1697 	 0.0 	 0.100 	 24
1698 	 -0.0 	 0.190 	 20
1699 	 0.0 	 0.130 	 32
1700 	 0.0 	 0.010 	 36
1701 	 -0.0 	 0.150 	 29
1702 	 0.0 	 0.020 	 32
1703 	 0.0 	 0.160 	 28
1704 	 -0.0 	 0.150 	 33
1705 	 1.0 	 0.190 	 14
1706 	 -0.0 	 0.110 	 35
1707 	 -0.0 	 0.130 	 29
1708 	 0.0 	 0.010 	 31
1709 	 0.0 	 0.020 	 26
1710 	 0.0 	 0.120 	 35
1711 	 -0.0 	 0.120 	 30
1712 	 0.0 	 0.020 	 35
1713 	 -0.0 	 0.110 	 35
1714 	 0.0 	 0.150 	 23
1715 	 0.0 	 0.140 	 14
1716 	 -0.0 	 0.100 	 23
1717 	 0.0 	 0.050 	 29
1718 	 0.0 	 0.190 	 27
1719 	 -0.0 	 0.060 	 34
1720 	 -0.0 	 0.040 	 17
1721 	 0.0 	 0.060 	 36
1722 	 0.0 	 0.140 	 19
1723 	 0.0 	 0.080 	 29
1724 	 -0.0 	 0.160 	 21
1725 	 0.0 	 0.130 	 21
1726 	 0.0 	 0.110 	 33
1727 	 0.0 	 0.020 	 28
1728 	 0.0 	 0.100 	 20
1729 	 0.0 	 0.080 	 18
1730 	 0.0 	 0.080 	 29
1731 	 0.0 	 0.090 	 14
1732 	 0.0 	 0.130 	 33
1733 	 -0.0 	 0.010 	 35
1734 	 -0.0 	 0.060 	 25
1735 	 0.0 	 0.030 	 32
1736 	 0.0 	 0.170 	 23
1737 	 -0.0 	 0.160 	 18
1738 	 0.0 	 0.080 	 32
1739 	 -0.0 	 0.110 	 33
1740 	 -0.0 	 0.200 	 24
1741 	 -0.0 	 0.090 	 28
1742 	 -0.0 	 0.090 	 20
1743 	 0.0 	 0.140 	 19
1744 	 0.0 	 0.100 	 28
1745 	 0.0 	 0.100 	 28
1746 	 -0.0 	 0.190 	 29
1747 	 0.0 	 0.140 	 36
1748 	 1.0 	 0.100 	 20
1749 	 0.0 	 0.160 	 23
1750 	 0.0 	 0.020 	 22
1751 	 0.0 	 0.080 	 25
1752 	 0.0 	 0.140 	 25
1753 	 0.0 	 0.160 	 27
1754 	 -0.0 	 0.130 	 18
1755 	 -0.0 	 0.140 	 35
1756 	 0.0 	 0.060 	 36
1757 	 0.0 	 0.100 	 25
1758 	 0.0 	 0.100 	 17
1759 	 -0.0 	 0.100 	 21
1760 	 0.0 	 0.020 	 21
1761 	 0.0 	 0.160 	 26
1762 	 0.0 	 0.150 	 29
1763 	 -0.0 	 0.090 	 30
1764 	 -0.0 	 0.010 	 18
1765 	 -0.0 	 0.170 	 31
1766 	 -0.0 	 0.060 	 22
1767 	 -0.0 	 0.080 	 32
1768 	 0.0 	 0.110 	 17
1769 	 -0.0 	 0.160 	 29
1770 	 0.0 	 0.120 	 25
1771 	 0.0 	 0.110 	 34
1772 	 -0.0 	 0.070 	 34
1773 	 0.0 	 0.150 	 18
1774 	 0.0 	 0.140 	 26
1775 	 0.0 	 0.130 	 25
1776 	 0.0 	 0.050 	 18
1777 	 -0.0 	 0.140 	 14
1778 	 -0.0 	 0.180 	 29
1779 	 0.0 	 0.050 	 25
1780 	 -0.0 	 0.010 	 36
1781 	 -0.0 	 0.160 	 15
1782 	 0.0 	 0.100 	 25
1783 	 0.0 	 0.090 	 26
1784 	 0.0 	 0.130 	 16
1785 	 0.0 	 0.140 	 22
1786 	 1.0 	 0.180 	 17
1787 	 0.0 	 0.110 	 22
1788 	 1.0 	 0.110 	 17
1789 	 0.0 	 0.130 	 16
1790 	 -0.0 	 0.030 	 30
1791 	 0.0 	 0.080 	 34
1792 	 0.0 	 0.080 	 21
1793 	 0.0 	 0.100 	 33
1794 	 0.0 	 0.080 	 32
1795 	 -0.0 	 0.070 	 30
1796 	 -0.0 	 0.180 	 20
1797 	 0.0 	 0.040 	 23
1798 	 -0.0 	 0.150 	 27
1799 	 1.0 	 0.160 	 14
1800 	 0.0 	 0.200 	 34
1801 	 -0.0 	 0.080 	 32
1802 	 0.0 	 0.130 	 29
1803 	 0.0 	 0.060 	 27
1804 	 -0.0 	 0.010 	 23
1805 	 -0.0 	 0.010 	 15
1806 	 -0.0 	 0.120 	 23
1807 	 0.0 	 0.020 	 29
1808 	 0.0 	 0.070 	 21
1809 	 -0.0 	 0.190 	 32
1810 	 0.0 	 0.160 	 34
1811 	 0.0 	 0.120 	 25
1812 	 0.0 	 0.130 	 26
1813 	 0.0 	 0.030 	 23
1814 	 0.0 	 0.180 	 26
1815 	 -0.0 	 0.200 	 23
1816 	 0.0 	 0.020 	 19
1817 	 0.0 	 0.080 	 33
1818 	 0.0 	 0.110 	 15
1819 	 0.0 	 0.040 	 21
1820 	 0.0 	 0.140 	 35
1821 	 0.0 	 0.060 	 34
1822 	 1.0 	 0.200 	 17
1823 	 1.0 	 0.180 	 16
1824 	 0.0 	 0.120 	 29
1825 	 1.0 	 0.090 	 19
1826 	 -0.0 	 0.180 	 14
1827 	 -0.0 	 0.190 	 31
1828 	 -0.0 	 0.120 	 34
1829 	 1.0 	 0.130 	 19
1830 	 0.0 	 0.160 	 34
1831 	 -0.0 	 0.100 	 21
1832 	 0.0 	 0.180 	 34
1833 	 1.0 	 0.100 	 19
1834 	 -0.0 	 0.080 	 29
1835 	 0.0 	 0.150 	 28
1836 	 1.0 	 0.180 	 18
1837 	 1.0 	 0.100 	 16
1838 	 0.0 	 0.020 	 24
1839 	 0.0 	 0.130 	 28
1840 	 -0.0 	 0.130 	 14
1841 	 0.0 	 0.100 	 25
1842 	 0.0 	 0.080 	 18
1843 	 1.0 	 0.130 	 15
1844 	 -0.0 	 0.150 	 16
1845 	 -0.0 	 0.180 	 15
1846 	 -0.0 	 0.110 	 27
1847 	 0.0 	 0.040 	 35
1848 	 1.0 	 0.170 	 17
1849 	 -0.0 	 0.170 	 26
1850 	 -0.0 	 0.080 	 16
1851 	 0.0 	 0.010 	 18
1852 	 -0.0 	 0.040 	 26
1853 	 0.0 	 0.110 	 27
1854 	 1.0 	 0.160 	 14
1855 	 0.0 	 0.050 	 26
1856 	 0.0 	 0.040 	 34
1857 	 0.0 	 0.020 	 15
1858 	 1.0 	 0.100 	 19
1859 	 1.0 	 0.200 	 15
1860 	 0.0 	 0.130 	 32
1861 	 0.0 	 0.160 	 29
1862 	 0.0 	 0.050 	 26
1863 	 0.0 	 0.150 	 24
1864 	 0.0 	 0.050 	 28
1865 	 0.0 	 0.090 	 31
1866 	 0.0 	 0.030 	 31
1867 	 -0.0 	 0.070 	 30
1868 	 -0.0 	 0.040 	 15
1869 	 -0.0 	 0.180 	 18
1870 	 0.0 	 0.110 	 23
1871 	 0.0 	 0.060 	 19
1872 	 0.0 	 0.050 	 21
1873 	 1.0 	 0.010 	 15
1874 	 0.0 	 0.120 	 23
1875 	 0.0 	 0.010 	 26
1876 	 -0.0 	 0.160 	 15
1877 	 -0.0 	 0.080 	 16
1878 	 -0.0 	 0.170 	 30
1879 	 1.0 	 0.070 	 14
1880 	 0.0 	 0.120 	 29
1881 	 -0.0 	 0.200 	 34
1882 	 0.0 	 0.070 	 29
1883 	 0.0 	 0.190 	 34
1884 	 0.0 	 0.020 	 36
1885 	 0.0 	 0.120 	 30
1886 	 0.0 	 0.130 	 34
1887 	 0.0 	 0.040 	 27
1888 	 0.0 	 0.050 	 32
1889 	 0.0 	 0.160 	 33
1890 	 -0.0 	 0.170 	 33
1891 	 0.0 	 0.120 	 32
1892 	 -0.0 	 0.100 	 18
1893 	 0.0 	 0.070 	 18
1894 	 -0.0 	 0.190 	 23
1895 	 -0.0 	 0.200 	 18
1896 	 0.0 	 0.090 	 19
1897 	 -0.0 	 0.110 	 34
1898 	 1.0 	 0.050 	 17
1899 	 1.0 	 0.020 	 15
1900 	 -0.0 	 0.150 	 18
1901 	 0.0 	 0.150 	 32
1902 	 0.0 	 0.110 	 29
1903 	 1.0 	 0.130 	 18
1904 	 0.0 	 0.090 	 22
1905 	 0.0 	 0.020 	 24
1906 	 0.0 	 0.020 	 22
1907 	 0.0 	 0.160 	 36
1908 	 1.0 	 0.060 	 14
1909 	 0.0 	 0.050 	 29
1910 	 1.0 	 0.060 	 17
1911 	 0.0 	 0.060 	 20
1912 	 -0.0 	 0.050 	 28
1913 	 -0.0 	 0.110 	 23
1914 	 0.0 	 0.060 	 27
1915 	 0.0 	 0.190 	 22
1916 	 -0.0 	 0.040 	 14
1917 	 -0.0 	 0.100 	 33
1918 	 -0.0 	 0.070 	 34
1919 	 0.0 	 0.050 	 29
1920 	 -0.0 	 0.140 	 21
1921 	 0.0 	 0.060 	 32
1922 	 0.0 	 0.170 	 22
1923 	 1.0 	 0.100 	 19
1924 	 -0.0 	 0.130 	 21
1925 	 0.0 	 0.180 	 31
1926 	 0.0 	 0.030 	 36
1927 	 1.0 	 0.100 	 16
1928 	 0.0 	 0.140 	 22
1929 	 -0.0 	 0.170 	 26
1930 	 0.0 	 0.160 	 18
1931 	 -0.0 	 0.010 	 26
1932 	 1.0 	 0.060 	 15
1933 	 0.0 	 0.200 	 30
1934 	 0.0 	 0.120 	 33
1935 	 0.0 	 0.040 	 28
1936 	 0.0 	 0.080 	 27
1937 	 1.0 	 0.100 	 19
1938 	 -0.0 	 0.170 	 28
1939 	 -0.0 	 0.180 	 23
1940 	 -0.0 	 0.170 	 27
1941 	 1.0 	 0.080 	 14
1942 	 -0.0 	 0.120 	 18
1943 	 -0.0 	 0.180 	 23
1944 	 1.0 	 0.140 	 18
1945 	 0.0 	 0.190 	 34
1946 	 0.0 	 0.060 	 21
1947 	 0.0 	 0.160 	 30
1948 	 -0.0 	 0.130 	 32
1949 	 -0.0 	 0.040 	 33
1950 	 -0.0 	 0.040 	 19
1951 	 -0.0 	 0.160 	 21
1952 	 0.0 	 0.130 	 27
1953 	 -0.0 	 0.040 	 23
1954 	 0.0 	 0.140 	 32
1955 	 0.0 	 0.160 	 14
1956 	 0.0 	 0.090 	 34
1957 	 -0.0 	 0.180 	 30
1958 	 0.0 	 0.040 	 23
1959 	 0.0 	 0.120 	 25
1960 	 -0.0 	 0.040 	 21
1961 	 -0.0 	 0.030 	 20
1962 	 1.0 	 0.060 	 14
1963 	 0.0 	 0.140 	 19
1964 	 1.0 	 0.120 	 17
1965 	 0.0 	 0.010 	 16
1966 	 0.0 	 0.190 	 35
1967 	 0.0 	 0.130 	 16
1968 	 1.0 	 0.010 	 21
1969 	 0.0 	 0.180 	 25
1970 	 0.0 	 0.060 	 26
1971 	 -0.0 	 0.110 	 18
1972 	 -0.0 	 0.180 	 26
1973 	 0.0 	 0.190 	 34
1974 	 -0.0 	 0.170 	 15
1975 	 -0.0 	 0.150 	 25
1976 	 -0.0 	 0.070 	 14
1977 	 0.0 	 0.140 	 25
1978 	 0.0 	 0.110 	 22
1979 	 0.0 	 0.160 	 28
1980 	 0.0 	 0.010 	 18
1981 	 -0.0 	 0.150 	 16
1982 	 1.0 	 0.080 	 15
1983 	 -0.0 	 0.030 	 35
1984 	 -0.0 	 0.180 	 14
1985 	 1.0 	 0.100 	 16
1986 	 0.0 	 0.010 	 27
1987 	 0.0 	 0.060 	 27
1988 	 -0.0 	 0.120 	 28
1989 	 -0.0 	 0.170 	 31
1990 	 0.0 	 0.060 	 21
1991 	 0.0 	 0.100 	 15
1992 	 -0.0 	 0.170 	 36
1993 	 1.0 	 0.060 	 16
1994 	 0.0 	 0.010 	 34
1995 	 -0.0 	 0.110 	 27
1996 	 -0.0 	 0.090 	 33
1997 	 0.0 	 0.040 	 23
1998 	 0.0 	 0.110 	 22
1999 	 0.0 	 0.040 	 20
2000 	 0.0 	 0.140 	 20
