1 	 1.0 	 0.120 	 21
2 	 1.0 	 0.090 	 28
3 	 0.0 	 0.200 	 35
4 	 0.0 	 0.030 	 35
5 	 1.0 	 0.180 	 25
6 	 0.0 	 0.050 	 29
7 	 0.0 	 0.130 	 33
8 	 0.0 	 0.120 	 31
9 	 0.0 	 0.160 	 22
10 	 0.0 	 0.090 	 34
11 	 0.0 	 0.200 	 35
12 	 1.0 	 0.020 	 23
13 	 1.0 	 0.040 	 23
14 	 0.0 	 0.190 	 31
15 	 0.0 	 0.140 	 23
16 	 0.0 	 0.010 	 35
17 	 0.0 	 0.080 	 35
18 	 0.0 	 0.060 	 27
19 	 0.0 	 0.200 	 24
20 	 0.0 	 0.020 	 28
21 	 0.0 	 0.130 	 35
22 	 0.0 	 0.160 	 33
23 	 1.0 	 0.190 	 21
24 	 0.0 	 0.170 	 21
25 	 0.0 	 0.110 	 30
26 	 1.0 	 0.070 	 22
27 	 0.0 	 0.030 	 25
28 	 0.0 	 0.150 	 29
29 	 0.0 	 0.180 	 28
30 	 0.0 	 0.170 	 36
31 	 0.0 	 0.140 	 36
32 	 0.0 	 0.010 	 30
33 	 1.0 	 0.190 	 22
34 	 0.0 	 0.170 	 22
35 	 0.0 	 0.020 	 35
36 	 0.0 	 0.080 	 22
37 	 0.0 	 0.170 	 34
38 	 1.0 	 0.140 	 24
39 	 1.0 	 0.010 	 22
40 	 0.0 	 0.030 	 32
41 	 0.0 	 0.160 	 30
42 	 0.0 	 0.090 	 26
43 	 0.0 	 0.010 	 22
44 	 0.0 	 0.170 	 27
45 	 0.0 	 0.030 	 29
46 	 1.0 	 0.080 	 22
47 	 0.0 	 0.190 	 24
48 	 1.0 	 0.040 	 24
49 	 0.0 	 0.120 	 36
50 	 0.0 	 0.110 	 31
51 	 0.0 	 0.070 	 27
52 	 0.0 	 0.200 	 33
53 	 0.0 	 0.170 	 32
54 	 0.0 	 0.020 	 26
55 	 1.0 	 0.030 	 22
56 	 0.0 	 0.190 	 34
57 	 1.0 	 0.070 	 25
58 	 0.0 	 0.080 	 35
59 	 0.0 	 0.120 	 28
60 	 0.0 	 0.040 	 27
61 	 0.0 	 0.060 	 26
62 	 0.0 	 0.120 	 35
63 	 0.0 	 0.090 	 31
64 	 0.0 	 0.070 	 29
65 	 0.0 	 0.020 	 28
66 	 0.0 	 0.020 	 25
67 	 1.0 	 0.180 	 21
68 	 0.0 	 0.020 	 36
69 	 0.0 	 0.170 	 26
70 	 0.0 	 0.020 	 28
71 	 0.0 	 0.140 	 24
72 	 0.0 	 0.030 	 24
73 	 0.0 	 0.190 	 31
74 	 1.0 	 0.170 	 25
75 	 1.0 	 0.170 	 23
76 	 0.0 	 0.110 	 31
77 	 0.0 	 0.090 	 24
78 	 1.0 	 0.010 	 24
79 	 0.0 	 0.020 	 35
80 	 0.0 	 0.170 	 29
81 	 0.0 	 0.010 	 35
82 	 0.0 	 0.040 	 28
83 	 0.0 	 0.100 	 25
84 	 0.0 	 0.160 	 30
85 	 0.0 	 0.140 	 25
86 	 0.0 	 0.190 	 30
87 	 0.0 	 0.170 	 30
88 	 0.0 	 0.010 	 34
89 	 0.0 	 0.080 	 26
90 	 1.0 	 0.080 	 27
91 	 0.0 	 0.140 	 26
92 	 0.0 	 0.070 	 30
93 	 0.0 	 0.100 	 24
94 	 0.0 	 0.060 	 31
95 	 0.0 	 0.170 	 36
96 	 0.0 	 0.150 	 26
97 	 0.0 	 0.040 	 34
98 	 0.0 	 0.060 	 36
99 	 0.0 	 0.010 	 30
100 	 0.0 	 0.010 	 35
101 	 1.0 	 0.170 	 24
102 	 0.0 	 0.060 	 30
103 	 0.0 	 0.180 	 27
104 	 0.0 	 0.010 	 32
105 	 0.0 	 0.130 	 28
106 	 0.0 	 0.040 	 27
107 	 0.0 	 0.080 	 32
108 	 0.0 	 0.180 	 25
109 	 0.0 	 0.020 	 32
110 	 1.0 	 0.020 	 22
111 	 0.0 	 0.140 	 25
112 	 0.0 	 0.100 	 36
113 	 0.0 	 0.060 	 34
114 	 0.0 	 0.170 	 34
115 	 0.0 	 0.190 	 30
116 	 0.0 	 0.100 	 32
117 	 0.0 	 0.160 	 34
118 	 0.0 	 0.040 	 33
119 	 0.0 	 0.040 	 30
120 	 0.0 	 0.200 	 29
121 	 0.0 	 0.200 	 32
122 	 0.0 	 0.120 	 28
123 	 0.0 	 0.200 	 35
124 	 0.0 	 0.160 	 30
125 	 0.0 	 0.200 	 33
126 	 0.0 	 0.110 	 28
127 	 1.0 	 0.090 	 23
128 	 0.0 	 0.190 	 32
129 	 0.0 	 0.120 	 29
130 	 0.0 	 0.120 	 26
131 	 0.0 	 0.130 	 22
132 	 1.0 	 0.180 	 24
133 	 0.0 	 0.080 	 29
134 	 0.0 	 0.130 	 23
135 	 0.0 	 0.100 	 31
136 	 1.0 	 0.110 	 24
137 	 0.0 	 0.200 	 27
138 	 0.0 	 0.130 	 31
139 	 0.0 	 0.120 	 30
140 	 1.0 	 0.120 	 27
141 	 0.0 	 0.090 	 31
142 	 0.0 	 0.180 	 33
143 	 0.0 	 0.150 	 25
144 	 1.0 	 0.120 	 26
145 	 0.0 	 0.200 	 31
146 	 0.0 	 0.120 	 26
147 	 1.0 	 0.120 	 22
148 	 0.0 	 0.080 	 34
149 	 0.0 	 0.090 	 32
150 	 0.0 	 0.010 	 33
151 	 0.0 	 0.010 	 28
152 	 1.0 	 0.140 	 21
153 	 1.0 	 0.020 	 23
154 	 0.0 	 0.200 	 25
155 	 0.0 	 0.060 	 33
156 	 0.0 	 0.010 	 29
157 	 0.0 	 0.150 	 30
158 	 0.0 	 0.050 	 31
159 	 0.0 	 0.140 	 33
160 	 0.0 	 0.040 	 35
161 	 0.0 	 0.180 	 27
162 	 0.0 	 0.010 	 30
163 	 0.0 	 0.020 	 29
164 	 1.0 	 0.020 	 24
165 	 0.0 	 0.030 	 32
166 	 0.0 	 0.060 	 29
167 	 0.0 	 0.020 	 24
168 	 0.0 	 0.200 	 33
169 	 0.0 	 0.130 	 34
170 	 1.0 	 0.050 	 24
171 	 0.0 	 0.140 	 35
172 	 0.0 	 0.080 	 31
173 	 1.0 	 0.180 	 23
174 	 0.0 	 0.040 	 22
175 	 0.0 	 0.070 	 36
176 	 1.0 	 0.120 	 26
177 	 0.0 	 0.160 	 30
178 	 1.0 	 0.180 	 25
179 	 0.0 	 0.090 	 28
180 	 0.0 	 0.050 	 34
181 	 0.0 	 0.020 	 28
182 	 0.0 	 0.040 	 22
183 	 0.0 	 0.150 	 32
184 	 0.0 	 0.080 	 33
185 	 0.0 	 0.130 	 34
186 	 1.0 	 0.010 	 24
187 	 0.0 	 0.130 	 34
188 	 0.0 	 0.090 	 27
189 	 0.0 	 0.140 	 31
190 	 0.0 	 0.030 	 32
191 	 1.0 	 0.150 	 23
192 	 1.0 	 0.120 	 28
193 	 0.0 	 0.060 	 35
194 	 0.0 	 0.150 	 22
195 	 0.0 	 0.090 	 26
196 	 0.0 	 0.030 	 25
197 	 0.0 	 0.060 	 35
198 	 0.0 	 0.100 	 30
199 	 0.0 	 0.060 	 28
200 	 0.0 	 0.160 	 30
201 	 0.0 	 0.010 	 19
202 	 0.0 	 0.100 	 18
203 	 0.0 	 0.050 	 21
204 	 0.0 	 0.160 	 35
205 	 1.0 	 0.090 	 12
206 	 0.0 	 0.060 	 25
207 	 0.0 	 0.070 	 31
208 	 0.0 	 0.200 	 16
209 	 0.0 	 0.120 	 17
210 	 0.0 	 0.130 	 30
211 	 0.0 	 0.190 	 22
212 	 0.0 	 0.040 	 14
213 	 0.0 	 0.060 	 36
214 	 0.0 	 0.150 	 23
215 	 0.0 	 0.010 	 21
216 	 0.0 	 0.190 	 22
217 	 0.0 	 0.040 	 26
218 	 0.0 	 0.020 	 20
219 	 1.0 	 0.010 	 12
220 	 0.0 	 0.140 	 36
221 	 0.0 	 0.100 	 21
222 	 0.0 	 0.180 	 13
223 	 0.0 	 0.150 	 31
224 	 0.0 	 0.090 	 28
225 	 0.0 	 0.190 	 33
226 	 0.0 	 0.030 	 19
227 	 0.0 	 0.150 	 17
228 	 1.0 	 0.050 	 9
229 	 1.0 	 0.030 	 13
230 	 0.0 	 0.090 	 11
231 	 0.0 	 0.110 	 27
232 	 0.0 	 0.010 	 12
233 	 0.0 	 0.100 	 25
234 	 1.0 	 0.090 	 13
235 	 0.0 	 0.110 	 16
236 	 0.0 	 0.090 	 33
237 	 0.0 	 0.080 	 29
238 	 0.0 	 0.080 	 34
239 	 0.0 	 0.110 	 21
240 	 0.0 	 0.200 	 24
241 	 0.0 	 0.010 	 21
242 	 0.0 	 0.060 	 26
243 	 0.0 	 0.090 	 14
244 	 1.0 	 0.030 	 16
245 	 0.0 	 0.020 	 15
246 	 0.0 	 0.160 	 29
247 	 0.0 	 0.200 	 30
248 	 0.0 	 0.020 	 30
249 	 0.0 	 0.040 	 13
250 	 1.0 	 0.050 	 14
251 	 0.0 	 0.150 	 17
252 	 1.0 	 0.150 	 11
253 	 0.0 	 0.180 	 23
254 	 1.0 	 0.180 	 11
255 	 0.0 	 0.050 	 27
256 	 0.0 	 0.050 	 24
257 	 0.0 	 0.080 	 36
258 	 0.0 	 0.020 	 32
259 	 1.0 	 0.190 	 11
260 	 0.0 	 0.180 	 28
261 	 0.0 	 0.140 	 18
262 	 1.0 	 0.040 	 15
263 	 0.0 	 0.120 	 28
264 	 0.0 	 0.010 	 17
265 	 1.0 	 0.150 	 9
266 	 0.0 	 0.080 	 28
267 	 1.0 	 0.080 	 9
268 	 0.0 	 0.050 	 34
269 	 0.0 	 0.180 	 17
270 	 0.0 	 0.130 	 20
271 	 0.0 	 0.100 	 32
272 	 0.0 	 0.100 	 33
273 	 0.0 	 0.170 	 31
274 	 1.0 	 0.060 	 11
275 	 1.0 	 0.140 	 11
276 	 0.0 	 0.170 	 16
277 	 0.0 	 0.010 	 32
278 	 1.0 	 0.180 	 13
279 	 1.0 	 0.190 	 12
280 	 0.0 	 0.060 	 31
281 	 0.0 	 0.020 	 11
282 	 0.0 	 0.030 	 31
283 	 0.0 	 0.130 	 15
284 	 0.0 	 0.080 	 24
285 	 0.0 	 0.180 	 19
286 	 0.0 	 0.160 	 12
287 	 0.0 	 0.090 	 27
288 	 0.0 	 0.110 	 30
289 	 0.0 	 0.070 	 30
290 	 0.0 	 0.190 	 31
291 	 1.0 	 0.200 	 15
292 	 1.0 	 0.110 	 10
293 	 0.0 	 0.200 	 29
294 	 0.0 	 0.190 	 20
295 	 1.0 	 0.120 	 10
296 	 1.0 	 0.140 	 11
297 	 0.0 	 0.020 	 21
298 	 1.0 	 0.120 	 10
299 	 0.0 	 0.150 	 16
300 	 0.0 	 0.040 	 9
301 	 0.0 	 0.180 	 22
302 	 0.0 	 0.020 	 27
303 	 0.0 	 0.080 	 22
304 	 0.0 	 0.150 	 23
305 	 0.0 	 0.010 	 30
306 	 0.0 	 0.140 	 28
307 	 1.0 	 0.170 	 13
308 	 0.0 	 0.010 	 31
309 	 0.0 	 0.050 	 26
310 	 0.0 	 0.070 	 29
311 	 0.0 	 0.180 	 27
312 	 0.0 	 0.150 	 22
313 	 0.0 	 0.160 	 27
314 	 0.0 	 0.080 	 23
315 	 0.0 	 0.140 	 29
316 	 0.0 	 0.160 	 18
317 	 1.0 	 0.190 	 9
318 	 0.0 	 0.160 	 21
319 	 0.0 	 0.200 	 24
320 	 1.0 	 0.180 	 13
321 	 0.0 	 0.160 	 25
322 	 0.0 	 0.130 	 17
323 	 0.0 	 0.190 	 29
324 	 0.0 	 0.160 	 34
325 	 0.0 	 0.110 	 30
326 	 0.0 	 0.100 	 25
327 	 0.0 	 0.040 	 26
328 	 0.0 	 0.110 	 31
329 	 0.0 	 0.180 	 30
330 	 0.0 	 0.190 	 11
331 	 0.0 	 0.080 	 31
332 	 0.0 	 0.010 	 15
333 	 0.0 	 0.120 	 20
334 	 1.0 	 0.140 	 10
335 	 0.0 	 0.120 	 12
336 	 0.0 	 0.030 	 29
337 	 0.0 	 0.060 	 23
338 	 0.0 	 0.010 	 20
339 	 0.0 	 0.030 	 36
340 	 0.0 	 0.170 	 13
341 	 1.0 	 0.110 	 10
342 	 0.0 	 0.190 	 23
343 	 1.0 	 0.160 	 13
344 	 0.0 	 0.110 	 11
345 	 1.0 	 0.150 	 10
346 	 1.0 	 0.190 	 12
347 	 0.0 	 0.130 	 32
348 	 0.0 	 0.160 	 32
349 	 0.0 	 0.090 	 36
350 	 0.0 	 0.190 	 24
351 	 0.0 	 0.080 	 35
352 	 0.0 	 0.140 	 33
353 	 1.0 	 0.020 	 12
354 	 0.0 	 0.100 	 24
355 	 1.0 	 0.150 	 13
356 	 0.0 	 0.200 	 35
357 	 0.0 	 0.070 	 29
358 	 1.0 	 0.100 	 13
359 	 1.0 	 0.170 	 15
360 	 0.0 	 0.200 	 9
361 	 0.0 	 0.040 	 21
362 	 1.0 	 0.080 	 10
363 	 0.0 	 0.050 	 35
364 	 1.0 	 0.080 	 11
365 	 1.0 	 0.070 	 10
366 	 1.0 	 0.150 	 15
367 	 0.0 	 0.010 	 34
368 	 1.0 	 0.080 	 16
369 	 0.0 	 0.040 	 28
370 	 0.0 	 0.190 	 33
371 	 0.0 	 0.110 	 36
372 	 0.0 	 0.150 	 11
373 	 0.0 	 0.150 	 34
374 	 0.0 	 0.100 	 35
375 	 1.0 	 0.140 	 9
376 	 0.0 	 0.100 	 14
377 	 1.0 	 0.170 	 9
378 	 0.0 	 0.010 	 21
379 	 0.0 	 0.170 	 21
380 	 0.0 	 0.110 	 23
381 	 0.0 	 0.130 	 13
382 	 0.0 	 0.110 	 36
383 	 0.0 	 0.060 	 36
384 	 0.0 	 0.020 	 35
385 	 0.0 	 0.050 	 34
386 	 0.0 	 0.180 	 30
387 	 0.0 	 0.190 	 15
388 	 0.0 	 0.160 	 26
389 	 0.0 	 0.120 	 20
390 	 0.0 	 0.040 	 35
391 	 0.0 	 0.200 	 33
392 	 1.0 	 0.060 	 13
393 	 1.0 	 0.050 	 11
394 	 0.0 	 0.100 	 22
395 	 0.0 	 0.080 	 14
396 	 0.0 	 0.130 	 28
397 	 0.0 	 0.100 	 31
398 	 0.0 	 0.130 	 17
399 	 0.0 	 0.140 	 36
400 	 1.0 	 0.170 	 0
401 	 0.0 	 0.160 	 36
402 	 0.0 	 0.170 	 25
403 	 0.0 	 0.100 	 32
404 	 0.0 	 0.120 	 17
405 	 0.0 	 0.150 	 14
406 	 0.0 	 0.020 	 14
407 	 0.0 	 0.140 	 33
408 	 1.0 	 0.050 	 10
409 	 0.0 	 0.030 	 29
410 	 1.0 	 0.170 	 8
411 	 0.0 	 0.160 	 29
412 	 1.0 	 0.080 	 11
413 	 0.0 	 0.160 	 35
414 	 0.0 	 0.100 	 34
415 	 0.0 	 0.130 	 35
416 	 0.0 	 0.040 	 26
417 	 0.0 	 0.040 	 26
418 	 0.0 	 0.130 	 25
419 	 0.0 	 0.170 	 16
420 	 0.0 	 0.070 	 32
421 	 0.0 	 0.080 	 19
422 	 0.0 	 0.170 	 11
423 	 0.0 	 0.070 	 30
424 	 0.0 	 0.050 	 34
425 	 0.0 	 0.120 	 9
426 	 0.0 	 0.200 	 27
427 	 0.0 	 0.170 	 33
428 	 0.0 	 0.080 	 36
429 	 0.0 	 0.150 	 29
430 	 0.0 	 0.150 	 17
431 	 0.0 	 0.180 	 22
432 	 0.0 	 0.170 	 30
433 	 1.0 	 0.030 	 11
434 	 0.0 	 0.180 	 21
435 	 0.0 	 0.110 	 23
436 	 0.0 	 0.170 	 24
437 	 0.0 	 0.110 	 23
438 	 0.0 	 0.140 	 21
439 	 0.0 	 0.110 	 28
440 	 0.0 	 0.110 	 11
441 	 1.0 	 0.070 	 7
442 	 0.0 	 0.060 	 25
443 	 0.0 	 0.200 	 23
444 	 0.0 	 0.180 	 24
445 	 0.0 	 0.160 	 27
446 	 0.0 	 0.110 	 27
447 	 0.0 	 0.150 	 35
448 	 0.0 	 0.180 	 12
449 	 0.0 	 0.050 	 16
450 	 0.0 	 0.140 	 15
451 	 0.0 	 0.190 	 11
452 	 0.0 	 0.200 	 16
453 	 0.0 	 0.120 	 26
454 	 0.0 	 0.170 	 24
455 	 0.0 	 0.010 	 21
456 	 0.0 	 0.060 	 17
457 	 0.0 	 0.030 	 31
458 	 0.0 	 0.030 	 27
459 	 0.0 	 0.050 	 36
460 	 1.0 	 0.030 	 11
461 	 0.0 	 0.090 	 17
462 	 0.0 	 0.040 	 36
463 	 0.0 	 0.100 	 22
464 	 0.0 	 0.200 	 12
465 	 0.0 	 0.160 	 28
466 	 0.0 	 0.020 	 29
467 	 0.0 	 0.020 	 26
468 	 0.0 	 0.010 	 12
469 	 1.0 	 0.030 	 9
470 	 1.0 	 0.190 	 12
471 	 1.0 	 0.020 	 13
472 	 0.0 	 0.080 	 20
473 	 0.0 	 0.060 	 24
474 	 0.0 	 0.050 	 36
475 	 0.0 	 0.190 	 21
476 	 0.0 	 0.030 	 35
477 	 0.0 	 0.200 	 16
478 	 0.0 	 0.140 	 14
479 	 0.0 	 0.020 	 16
480 	 0.0 	 0.040 	 25
481 	 0.0 	 0.030 	 12
482 	 0.0 	 0.160 	 32
483 	 0.0 	 0.160 	 30
484 	 1.0 	 0.090 	 10
485 	 0.0 	 0.010 	 35
486 	 0.0 	 0.140 	 29
487 	 0.0 	 0.090 	 29
488 	 0.0 	 0.060 	 36
489 	 0.0 	 0.100 	 13
490 	 0.0 	 0.180 	 35
491 	 0.0 	 0.050 	 31
492 	 1.0 	 0.120 	 12
493 	 1.0 	 0.200 	 8
494 	 0.0 	 0.050 	 30
495 	 0.0 	 0.110 	 10
496 	 0.0 	 0.110 	 31
497 	 0.0 	 0.050 	 21
498 	 0.0 	 0.170 	 21
499 	 0.0 	 0.200 	 12
500 	 0.0 	 0.140 	 34
501 	 0.0 	 0.090 	 29
502 	 0.0 	 0.130 	 32
503 	 0.0 	 0.200 	 20
504 	 1.0 	 0.040 	 7
505 	 0.0 	 0.180 	 13
506 	 0.0 	 0.090 	 27
507 	 1.0 	 0.050 	 13
508 	 0.0 	 0.010 	 22
509 	 0.0 	 0.020 	 17
510 	 0.0 	 0.010 	 18
511 	 0.0 	 0.120 	 34
512 	 0.0 	 0.040 	 22
513 	 0.0 	 0.140 	 29
514 	 0.0 	 0.150 	 11
515 	 1.0 	 0.030 	 10
516 	 0.0 	 0.080 	 32
517 	 0.0 	 0.070 	 22
518 	 0.0 	 0.060 	 25
519 	 0.0 	 0.020 	 26
520 	 0.0 	 0.100 	 9
521 	 1.0 	 0.190 	 12
522 	 0.0 	 0.130 	 29
523 	 0.0 	 0.150 	 31
524 	 0.0 	 0.140 	 34
525 	 0.0 	 0.170 	 26
526 	 0.0 	 0.120 	 29
527 	 1.0 	 0.100 	 17
528 	 0.0 	 0.190 	 24
529 	 0.0 	 0.160 	 30
530 	 0.0 	 0.100 	 25
531 	 0.0 	 0.090 	 24
532 	 0.0 	 0.120 	 10
533 	 0.0 	 0.110 	 29
534 	 1.0 	 0.160 	 12
535 	 0.0 	 0.020 	 31
536 	 0.0 	 0.050 	 11
537 	 0.0 	 0.200 	 15
538 	 0.0 	 0.060 	 21
539 	 0.0 	 0.100 	 33
540 	 1.0 	 0.190 	 8
541 	 0.0 	 0.070 	 36
542 	 0.0 	 0.110 	 17
543 	 1.0 	 0.110 	 8
544 	 0.0 	 0.090 	 16
545 	 0.0 	 0.070 	 33
546 	 0.0 	 0.070 	 24
547 	 0.0 	 0.010 	 24
548 	 0.0 	 0.200 	 29
549 	 0.0 	 0.060 	 17
550 	 0.0 	 0.080 	 19
551 	 1.0 	 0.140 	 12
552 	 0.0 	 0.200 	 36
553 	 1.0 	 0.110 	 9
554 	 0.0 	 0.100 	 22
555 	 0.0 	 0.040 	 24
556 	 0.0 	 0.040 	 12
557 	 1.0 	 0.040 	 13
558 	 0.0 	 0.130 	 27
559 	 0.0 	 0.190 	 31
560 	 0.0 	 0.050 	 35
561 	 0.0 	 0.190 	 33
562 	 0.0 	 0.050 	 31
563 	 0.0 	 0.140 	 16
564 	 0.0 	 0.200 	 19
565 	 1.0 	 0.050 	 13
566 	 0.0 	 0.050 	 30
567 	 0.0 	 0.120 	 24
568 	 1.0 	 0.140 	 7
569 	 0.0 	 0.150 	 28
570 	 0.0 	 0.180 	 29
571 	 0.0 	 0.190 	 34
572 	 0.0 	 0.050 	 19
573 	 0.0 	 0.080 	 29
574 	 0.0 	 0.040 	 17
575 	 1.0 	 0.120 	 7
576 	 0.0 	 0.100 	 15
577 	 0.0 	 0.100 	 16
578 	 0.0 	 0.040 	 20
579 	 0.0 	 0.060 	 12
580 	 1.0 	 0.170 	 11
581 	 0.0 	 0.130 	 27
582 	 1.0 	 0.060 	 15
583 	 0.0 	 0.100 	 31
584 	 0.0 	 0.110 	 32
585 	 0.0 	 0.030 	 25
586 	 0.0 	 0.140 	 8
587 	 0.0 	 0.140 	 25
588 	 0.0 	 0.190 	 29
589 	 0.0 	 0.120 	 31
590 	 0.0 	 0.010 	 9
591 	 0.0 	 0.040 	 34
592 	 0.0 	 0.130 	 30
593 	 0.0 	 0.090 	 18
594 	 0.0 	 0.010 	 12
595 	 0.0 	 0.100 	 24
596 	 0.0 	 0.120 	 17
597 	 0.0 	 0.030 	 14
598 	 1.0 	 0.150 	 11
599 	 0.0 	 0.010 	 32
600 	 0.0 	 0.090 	 27
601 	 0.0 	 0.090 	 17
602 	 0.0 	 0.130 	 14
603 	 0.0 	 0.040 	 29
604 	 0.0 	 0.170 	 30
605 	 0.0 	 0.110 	 33
606 	 0.0 	 0.100 	 22
607 	 0.0 	 0.060 	 26
608 	 0.0 	 0.080 	 32
609 	 0.0 	 0.080 	 36
610 	 1.0 	 0.040 	 12
611 	 0.0 	 0.080 	 20
612 	 0.0 	 0.110 	 34
613 	 0.0 	 0.030 	 13
614 	 0.0 	 0.200 	 24
615 	 0.0 	 0.160 	 18
616 	 0.0 	 0.110 	 34
617 	 0.0 	 0.050 	 16
618 	 0.0 	 0.090 	 15
619 	 0.0 	 0.130 	 12
620 	 0.0 	 0.050 	 28
621 	 0.0 	 0.030 	 17
622 	 1.0 	 0.110 	 8
623 	 0.0 	 0.010 	 34
624 	 0.0 	 0.040 	 20
625 	 0.0 	 0.010 	 32
626 	 0.0 	 0.010 	 18
627 	 1.0 	 0.120 	 9
628 	 0.0 	 0.180 	 35
629 	 0.0 	 0.130 	 14
630 	 0.0 	 0.190 	 33
631 	 0.0 	 0.180 	 12
632 	 0.0 	 0.050 	 30
633 	 0.0 	 0.010 	 32
634 	 0.0 	 0.110 	 10
635 	 0.0 	 0.080 	 18
636 	 0.0 	 0.130 	 25
637 	 0.0 	 0.200 	 25
638 	 1.0 	 0.200 	 7
639 	 1.0 	 0.050 	 15
640 	 0.0 	 0.150 	 14
641 	 0.0 	 0.130 	 17
642 	 0.0 	 0.130 	 18
643 	 1.0 	 0.200 	 11
644 	 0.0 	 0.100 	 19
645 	 1.0 	 0.080 	 14
646 	 0.0 	 0.050 	 27
647 	 1.0 	 0.170 	 13
648 	 0.0 	 0.100 	 29
649 	 1.0 	 0.120 	 10
650 	 0.0 	 0.010 	 31
651 	 0.0 	 0.080 	 20
652 	 0.0 	 0.080 	 13
653 	 0.0 	 0.120 	 28
654 	 1.0 	 0.100 	 8
655 	 0.0 	 0.070 	 25
656 	 1.0 	 0.020 	 9
657 	 0.0 	 0.120 	 30
658 	 1.0 	 0.020 	 17
659 	 0.0 	 0.090 	 13
660 	 1.0 	 0.030 	 11
661 	 0.0 	 0.150 	 19
662 	 0.0 	 0.170 	 21
663 	 0.0 	 0.060 	 24
664 	 0.0 	 0.050 	 17
665 	 0.0 	 0.170 	 15
666 	 0.0 	 0.120 	 35
667 	 0.0 	 0.140 	 17
668 	 0.0 	 0.110 	 33
669 	 0.0 	 0.190 	 31
670 	 0.0 	 0.020 	 17
671 	 0.0 	 0.100 	 18
672 	 0.0 	 0.120 	 32
673 	 0.0 	 0.190 	 25
674 	 0.0 	 0.060 	 24
675 	 0.0 	 0.160 	 33
676 	 0.0 	 0.050 	 15
677 	 0.0 	 0.040 	 13
678 	 0.0 	 0.060 	 32
679 	 1.0 	 0.190 	 12
680 	 0.0 	 0.170 	 36
681 	 0.0 	 0.190 	 17
682 	 0.0 	 0.050 	 32
683 	 0.0 	 0.110 	 29
684 	 0.0 	 0.200 	 22
685 	 1.0 	 0.140 	 15
686 	 0.0 	 0.130 	 20
687 	 1.0 	 0.170 	 10
688 	 0.0 	 0.100 	 19
689 	 1.0 	 0.110 	 8
690 	 0.0 	 0.110 	 30
691 	 0.0 	 0.130 	 14
692 	 0.0 	 0.010 	 23
693 	 0.0 	 0.170 	 27
694 	 0.0 	 0.140 	 12
695 	 0.0 	 0.040 	 21
696 	 0.0 	 0.040 	 13
697 	 0.0 	 0.080 	 36
698 	 0.0 	 0.020 	 19
699 	 0.0 	 0.070 	 19
700 	 0.0 	 0.090 	 30
701 	 0.0 	 0.070 	 32
702 	 0.0 	 0.030 	 25
703 	 1.0 	 0.060 	 29
704 	 1.0 	 0.170 	 23
705 	 0.0 	 0.140 	 25
706 	 0.0 	 0.120 	 25
707 	 0.0 	 0.110 	 32
708 	 0.0 	 0.030 	 31
709 	 0.0 	 0.030 	 35
710 	 0.0 	 0.030 	 24
711 	 0.0 	 0.180 	 31
712 	 0.0 	 0.030 	 32
713 	 0.0 	 0.130 	 31
714 	 1.0 	 0.150 	 23
715 	 1.0 	 0.120 	 26
716 	 0.0 	 0.070 	 36
717 	 0.0 	 0.160 	 27
718 	 0.0 	 0.030 	 31
719 	 0.0 	 0.140 	 23
720 	 0.0 	 0.150 	 28
721 	 0.0 	 0.090 	 36
722 	 0.0 	 0.180 	 27
723 	 0.0 	 0.100 	 33
724 	 0.0 	 0.190 	 33
725 	 0.0 	 0.080 	 34
726 	 0.0 	 0.150 	 34
727 	 0.0 	 0.030 	 31
728 	 0.0 	 0.010 	 34
729 	 0.0 	 0.180 	 30
730 	 0.0 	 0.050 	 33
731 	 0.0 	 0.020 	 29
732 	 0.0 	 0.160 	 25
733 	 0.0 	 0.050 	 30
734 	 0.0 	 0.050 	 33
735 	 1.0 	 0.080 	 23
736 	 0.0 	 0.110 	 24
737 	 0.0 	 0.050 	 30
738 	 0.0 	 0.140 	 24
739 	 1.0 	 0.040 	 25
740 	 0.0 	 0.070 	 32
741 	 0.0 	 0.060 	 26
742 	 1.0 	 0.030 	 23
743 	 0.0 	 0.180 	 33
744 	 0.0 	 0.160 	 32
745 	 0.0 	 0.130 	 26
746 	 0.0 	 0.120 	 29
747 	 1.0 	 0.080 	 27
748 	 0.0 	 0.060 	 35
749 	 0.0 	 0.090 	 27
750 	 0.0 	 0.040 	 36
751 	 0.0 	 0.180 	 30
752 	 0.0 	 0.040 	 29
753 	 0.0 	 0.180 	 36
754 	 0.0 	 0.070 	 26
755 	 1.0 	 0.190 	 25
756 	 0.0 	 0.120 	 34
757 	 0.0 	 0.070 	 35
758 	 0.0 	 0.080 	 31
759 	 0.0 	 0.160 	 30
760 	 0.0 	 0.020 	 36
761 	 0.0 	 0.190 	 31
762 	 0.0 	 0.190 	 26
763 	 0.0 	 0.030 	 31
764 	 1.0 	 0.060 	 25
765 	 0.0 	 0.020 	 32
766 	 0.0 	 0.060 	 26
767 	 0.0 	 0.110 	 23
768 	 0.0 	 0.170 	 31
769 	 0.0 	 0.100 	 26
770 	 1.0 	 0.110 	 26
771 	 1.0 	 0.060 	 26
772 	 0.0 	 0.130 	 29
773 	 0.0 	 0.160 	 25
774 	 1.0 	 0.020 	 28
775 	 1.0 	 0.150 	 29
776 	 1.0 	 0.140 	 26
777 	 0.0 	 0.190 	 36
778 	 0.0 	 0.130 	 33
779 	 0.0 	 0.160 	 31
780 	 1.0 	 0.120 	 28
781 	 0.0 	 0.170 	 23
782 	 0.0 	 0.090 	 27
783 	 0.0 	 0.180 	 26
784 	 0.0 	 0.200 	 27
785 	 0.0 	 0.100 	 33
786 	 0.0 	 0.160 	 32
787 	 0.0 	 0.150 	 34
788 	 0.0 	 0.180 	 30
789 	 0.0 	 0.030 	 31
790 	 0.0 	 0.090 	 34
791 	 0.0 	 0.120 	 32
792 	 0.0 	 0.020 	 23
793 	 0.0 	 0.140 	 27
794 	 0.0 	 0.080 	 32
795 	 0.0 	 0.110 	 33
796 	 1.0 	 0.200 	 25
797 	 0.0 	 0.170 	 25
798 	 0.0 	 0.150 	 36
799 	 0.0 	 0.110 	 33
800 	 1.0 	 0.140 	 27
801 	 0.0 	 0.080 	 28
802 	 0.0 	 0.010 	 36
803 	 0.0 	 0.080 	 34
804 	 1.0 	 0.180 	 23
805 	 0.0 	 0.120 	 31
806 	 0.0 	 0.010 	 33
807 	 0.0 	 0.100 	 31
808 	 1.0 	 0.190 	 29
809 	 0.0 	 0.080 	 28
810 	 0.0 	 0.050 	 31
811 	 0.0 	 0.060 	 30
812 	 1.0 	 0.170 	 23
813 	 0.0 	 0.080 	 33
814 	 1.0 	 0.020 	 25
815 	 0.0 	 0.200 	 35
816 	 0.0 	 0.030 	 36
817 	 0.0 	 0.180 	 25
818 	 0.0 	 0.010 	 36
819 	 0.0 	 0.190 	 31
820 	 0.0 	 0.110 	 35
821 	 0.0 	 0.160 	 31
822 	 0.0 	 0.040 	 36
823 	 0.0 	 0.190 	 35
824 	 1.0 	 0.030 	 25
825 	 1.0 	 0.200 	 23
826 	 0.0 	 0.100 	 36
827 	 0.0 	 0.170 	 31
828 	 0.0 	 0.070 	 26
829 	 0.0 	 0.180 	 30
830 	 0.0 	 0.140 	 29
831 	 1.0 	 0.080 	 23
832 	 1.0 	 0.190 	 23
833 	 0.0 	 0.060 	 26
834 	 0.0 	 0.200 	 25
835 	 0.0 	 0.080 	 36
836 	 0.0 	 0.160 	 30
837 	 1.0 	 0.160 	 26
838 	 0.0 	 0.130 	 31
839 	 0.0 	 0.040 	 24
840 	 0.0 	 0.190 	 25
841 	 0.0 	 0.090 	 33
842 	 0.0 	 0.140 	 36
843 	 0.0 	 0.040 	 33
844 	 0.0 	 0.090 	 33
845 	 0.0 	 0.130 	 27
846 	 0.0 	 0.030 	 30
847 	 0.0 	 0.100 	 26
848 	 0.0 	 0.020 	 25
849 	 1.0 	 0.190 	 25
850 	 1.0 	 0.180 	 28
851 	 0.0 	 0.040 	 35
852 	 0.0 	 0.060 	 28
853 	 0.0 	 0.020 	 28
854 	 0.0 	 0.010 	 29
855 	 0.0 	 0.180 	 35
856 	 1.0 	 0.020 	 28
857 	 0.0 	 0.090 	 30
858 	 0.0 	 0.190 	 28
859 	 1.0 	 0.190 	 24
860 	 1.0 	 0.010 	 26
861 	 0.0 	 0.040 	 30
862 	 0.0 	 0.150 	 31
863 	 1.0 	 0.150 	 25
864 	 1.0 	 0.120 	 27
865 	 0.0 	 0.080 	 36
866 	 0.0 	 0.200 	 27
867 	 0.0 	 0.130 	 29
868 	 0.0 	 0.110 	 30
869 	 0.0 	 0.040 	 30
870 	 0.0 	 0.020 	 35
871 	 0.0 	 0.140 	 24
872 	 0.0 	 0.090 	 34
873 	 1.0 	 0.140 	 23
874 	 0.0 	 0.110 	 34
875 	 0.0 	 0.080 	 31
876 	 0.0 	 0.040 	 34
877 	 0.0 	 0.140 	 34
878 	 0.0 	 0.060 	 26
879 	 0.0 	 0.050 	 32
880 	 0.0 	 0.050 	 23
881 	 0.0 	 0.020 	 25
882 	 0.0 	 0.010 	 25
883 	 0.0 	 0.110 	 32
884 	 0.0 	 0.160 	 35
885 	 1.0 	 0.050 	 23
886 	 0.0 	 0.140 	 24
887 	 1.0 	 0.140 	 24
888 	 0.0 	 0.030 	 35
889 	 0.0 	 0.020 	 36
890 	 0.0 	 0.190 	 36
891 	 0.0 	 0.010 	 26
892 	 0.0 	 0.110 	 30
893 	 0.0 	 0.010 	 33
894 	 0.0 	 0.140 	 29
895 	 0.0 	 0.190 	 35
896 	 0.0 	 0.010 	 31
897 	 0.0 	 0.070 	 26
898 	 0.0 	 0.180 	 27
899 	 0.0 	 0.100 	 32
900 	 0.0 	 0.130 	 35
901 	 1.0 	 0.160 	 14
902 	 0.0 	 0.080 	 17
903 	 0.0 	 0.040 	 19
904 	 0.0 	 0.010 	 14
905 	 1.0 	 0.180 	 9
906 	 0.0 	 0.180 	 19
907 	 0.0 	 0.060 	 13
908 	 0.0 	 0.020 	 18
909 	 1.0 	 0.160 	 14
910 	 0.0 	 0.160 	 13
911 	 0.0 	 0.040 	 17
912 	 0.0 	 0.150 	 7
913 	 0.0 	 0.070 	 16
914 	 1.0 	 0.110 	 12
915 	 0.0 	 0.090 	 20
916 	 0.0 	 0.090 	 21
917 	 0.0 	 0.060 	 18
918 	 0.0 	 0.090 	 13
919 	 0.0 	 0.100 	 21
920 	 0.0 	 0.020 	 13
921 	 0.0 	 0.120 	 19
922 	 1.0 	 0.140 	 10
923 	 1.0 	 0.110 	 14
924 	 0.0 	 0.190 	 20
925 	 0.0 	 0.130 	 22
926 	 1.0 	 0.100 	 9
927 	 0.0 	 0.160 	 20
928 	 0.0 	 0.140 	 20
929 	 0.0 	 0.050 	 19
930 	 1.0 	 0.030 	 7
931 	 0.0 	 0.160 	 22
932 	 1.0 	 0.190 	 11
933 	 0.0 	 0.110 	 22
934 	 1.0 	 0.150 	 12
935 	 0.0 	 0.160 	 17
936 	 0.0 	 0.130 	 14
937 	 1.0 	 0.040 	 7
938 	 0.0 	 0.150 	 21
939 	 1.0 	 0.110 	 14
940 	 0.0 	 0.060 	 13
941 	 0.0 	 0.130 	 9
942 	 0.0 	 0.020 	 18
943 	 0.0 	 0.190 	 15
944 	 1.0 	 0.040 	 7
945 	 0.0 	 0.140 	 21
946 	 0.0 	 0.160 	 16
947 	 1.0 	 0.020 	 12
948 	 0.0 	 0.170 	 22
949 	 1.0 	 0.150 	 11
950 	 0.0 	 0.190 	 12
951 	 0.0 	 0.110 	 10
952 	 0.0 	 0.020 	 7
953 	 1.0 	 0.070 	 10
954 	 1.0 	 0.140 	 8
955 	 0.0 	 0.140 	 17
956 	 0.0 	 0.080 	 20
957 	 0.0 	 0.050 	 13
958 	 1.0 	 0.060 	 9
959 	 0.0 	 0.060 	 19
960 	 1.0 	 0.110 	 13
961 	 0.0 	 0.070 	 22
962 	 0.0 	 0.030 	 16
963 	 0.0 	 0.050 	 18
964 	 0.0 	 0.010 	 18
965 	 1.0 	 0.060 	 7
966 	 1.0 	 0.170 	 8
967 	 0.0 	 0.160 	 16
968 	 0.0 	 0.050 	 22
969 	 0.0 	 0.040 	 20
970 	 1.0 	 0.090 	 10
971 	 1.0 	 0.130 	 9
972 	 0.0 	 0.050 	 8
973 	 0.0 	 0.100 	 21
974 	 0.0 	 0.160 	 19
975 	 0.0 	 0.020 	 15
976 	 0.0 	 0.050 	 18
977 	 1.0 	 0.160 	 7
978 	 1.0 	 0.100 	 7
979 	 0.0 	 0.080 	 16
980 	 0.0 	 0.140 	 18
981 	 1.0 	 0.110 	 8
982 	 0.0 	 0.080 	 17
983 	 0.0 	 0.160 	 15
984 	 1.0 	 0.030 	 11
985 	 0.0 	 0.020 	 19
986 	 0.0 	 0.150 	 8
987 	 0.0 	 0.180 	 12
988 	 1.0 	 0.130 	 8
989 	 0.0 	 0.140 	 21
990 	 0.0 	 0.180 	 19
991 	 0.0 	 0.170 	 15
992 	 1.0 	 0.150 	 11
993 	 1.0 	 0.140 	 8
994 	 0.0 	 0.130 	 22
995 	 1.0 	 0.050 	 12
996 	 0.0 	 0.060 	 9
997 	 0.0 	 0.120 	 20
998 	 0.0 	 0.010 	 16
999 	 0.0 	 0.180 	 15
1000 	 1.0 	 0.200 	 8
1001 	 1.0 	 0.040 	 12
1002 	 1.0 	 0.100 	 9
1003 	 1.0 	 0.190 	 7
1004 	 1.0 	 0.080 	 11
1005 	 1.0 	 0.110 	 10
1006 	 0.0 	 0.090 	 8
1007 	 1.0 	 0.150 	 15
1008 	 1.0 	 0.170 	 7
1009 	 0.0 	 0.040 	 22
1010 	 0.0 	 0.170 	 9
1011 	 1.0 	 0.180 	 8
1012 	 0.0 	 0.190 	 17
1013 	 0.0 	 0.100 	 13
1014 	 0.0 	 0.060 	 19
1015 	 0.0 	 0.140 	 22
1016 	 0.0 	 0.180 	 22
1017 	 1.0 	 0.170 	 7
1018 	 0.0 	 0.190 	 20
1019 	 0.0 	 0.040 	 11
1020 	 0.0 	 0.010 	 20
1021 	 0.0 	 0.010 	 12
1022 	 1.0 	 0.190 	 11
1023 	 0.0 	 0.090 	 17
1024 	 0.0 	 0.120 	 19
1025 	 1.0 	 0.180 	 9
1026 	 0.0 	 0.120 	 20
1027 	 0.0 	 0.040 	 21
1028 	 0.0 	 0.200 	 12
1029 	 0.0 	 0.180 	 11
1030 	 0.0 	 0.200 	 21
1031 	 0.0 	 0.060 	 15
1032 	 0.0 	 0.170 	 12
1033 	 0.0 	 0.120 	 18
1034 	 0.0 	 0.090 	 14
1035 	 0.0 	 0.110 	 15
1036 	 0.0 	 0.180 	 12
1037 	 0.0 	 0.090 	 12
1038 	 1.0 	 0.120 	 13
1039 	 0.0 	 0.020 	 21
1040 	 1.0 	 0.120 	 10
1041 	 0.0 	 0.140 	 17
1042 	 0.0 	 0.120 	 19
1043 	 0.0 	 0.020 	 11
1044 	 0.0 	 0.010 	 21
1045 	 1.0 	 0.060 	 11
1046 	 1.0 	 0.090 	 8
1047 	 1.0 	 0.100 	 7
1048 	 1.0 	 0.130 	 7
1049 	 0.0 	 0.050 	 16
1050 	 1.0 	 0.180 	 15
1051 	 1.0 	 0.030 	 8
1052 	 0.0 	 0.180 	 22
1053 	 0.0 	 0.080 	 20
1054 	 0.0 	 0.150 	 16
1055 	 1.0 	 0.180 	 7
1056 	 1.0 	 0.030 	 7
1057 	 0.0 	 0.180 	 17
1058 	 1.0 	 0.080 	 8
1059 	 0.0 	 0.110 	 20
1060 	 1.0 	 0.190 	 13
1061 	 1.0 	 0.190 	 9
1062 	 0.0 	 0.110 	 11
1063 	 0.0 	 0.200 	 18
1064 	 0.0 	 0.040 	 17
1065 	 0.0 	 0.200 	 19
1066 	 1.0 	 0.040 	 10
1067 	 0.0 	 0.150 	 22
1068 	 0.0 	 0.070 	 14
1069 	 1.0 	 0.010 	 7
1070 	 1.0 	 0.120 	 11
1071 	 0.0 	 0.160 	 17
1072 	 1.0 	 0.100 	 11
1073 	 0.0 	 0.190 	 15
1074 	 1.0 	 0.060 	 9
1075 	 1.0 	 0.030 	 8
1076 	 0.0 	 0.120 	 21
1077 	 0.0 	 0.080 	 17
1078 	 0.0 	 0.150 	 13
1079 	 1.0 	 0.010 	 7
1080 	 0.0 	 0.040 	 7
1081 	 0.0 	 0.090 	 19
1082 	 1.0 	 0.050 	 12
1083 	 1.0 	 0.010 	 14
1084 	 0.0 	 0.070 	 22
1085 	 0.0 	 0.190 	 19
1086 	 1.0 	 0.030 	 14
1087 	 0.0 	 0.140 	 15
1088 	 0.0 	 0.200 	 18
1089 	 0.0 	 0.200 	 19
1090 	 0.0 	 0.170 	 21
1091 	 0.0 	 0.180 	 20
1092 	 0.0 	 0.150 	 17
1093 	 0.0 	 0.180 	 20
1094 	 0.0 	 0.120 	 17
1095 	 1.0 	 0.050 	 9
1096 	 1.0 	 0.030 	 15
1097 	 0.0 	 0.140 	 11
1098 	 0.0 	 0.090 	 21
1099 	 1.0 	 0.090 	 14
1100 	 1.0 	 0.110 	 15
1101 	 1.0 	 0.090 	 15
1102 	 1.0 	 0.190 	 15
1103 	 1.0 	 0.020 	 9
1104 	 0.0 	 0.080 	 17
1105 	 0.0 	 0.020 	 12
1106 	 0.0 	 0.050 	 21
1107 	 0.0 	 0.200 	 17
1108 	 0.0 	 0.120 	 9
1109 	 1.0 	 0.170 	 12
1110 	 0.0 	 0.080 	 13
1111 	 0.0 	 0.140 	 9
1112 	 0.0 	 0.120 	 20
1113 	 1.0 	 0.020 	 8
1114 	 1.0 	 0.160 	 7
1115 	 0.0 	 0.080 	 22
1116 	 0.0 	 0.010 	 15
1117 	 0.0 	 0.120 	 17
1118 	 0.0 	 0.150 	 21
1119 	 1.0 	 0.080 	 8
1120 	 1.0 	 0.010 	 10
1121 	 0.0 	 0.040 	 16
1122 	 0.0 	 0.010 	 19
1123 	 0.0 	 0.120 	 12
1124 	 0.0 	 0.080 	 22
1125 	 0.0 	 0.130 	 16
1126 	 1.0 	 0.160 	 10
1127 	 0.0 	 0.010 	 12
1128 	 0.0 	 0.120 	 20
1129 	 0.0 	 0.200 	 9
1130 	 1.0 	 0.050 	 8
1131 	 0.0 	 0.070 	 17
1132 	 0.0 	 0.050 	 17
1133 	 0.0 	 0.020 	 16
1134 	 0.0 	 0.080 	 19
1135 	 0.0 	 0.070 	 17
1136 	 1.0 	 0.050 	 11
1137 	 0.0 	 0.040 	 10
1138 	 0.0 	 0.100 	 22
1139 	 0.0 	 0.180 	 18
1140 	 1.0 	 0.120 	 9
1141 	 0.0 	 0.160 	 16
1142 	 0.0 	 0.030 	 9
1143 	 1.0 	 0.180 	 9
1144 	 0.0 	 0.150 	 20
1145 	 1.0 	 0.100 	 13
1146 	 0.0 	 0.040 	 15
1147 	 0.0 	 0.120 	 13
1148 	 0.0 	 0.180 	 15
1149 	 0.0 	 0.090 	 15
1150 	 0.0 	 0.120 	 19
1151 	 0.0 	 0.080 	 18
1152 	 1.0 	 0.060 	 11
1153 	 0.0 	 0.130 	 22
1154 	 1.0 	 0.070 	 9
1155 	 1.0 	 0.050 	 15
1156 	 0.0 	 0.010 	 15
1157 	 0.0 	 0.090 	 20
1158 	 1.0 	 0.030 	 12
1159 	 1.0 	 0.040 	 10
1160 	 1.0 	 0.040 	 9
1161 	 1.0 	 0.170 	 9
1162 	 1.0 	 0.140 	 13
1163 	 1.0 	 0.080 	 13
1164 	 0.0 	 0.060 	 22
1165 	 1.0 	 0.110 	 11
1166 	 0.0 	 0.160 	 20
1167 	 0.0 	 0.020 	 7
1168 	 1.0 	 0.190 	 7
1169 	 1.0 	 0.120 	 13
1170 	 1.0 	 0.180 	 9
1171 	 0.0 	 0.200 	 22
1172 	 1.0 	 0.070 	 15
1173 	 1.0 	 0.200 	 7
1174 	 1.0 	 0.140 	 9
1175 	 0.0 	 0.110 	 22
1176 	 1.0 	 0.020 	 10
1177 	 1.0 	 0.200 	 12
1178 	 1.0 	 0.030 	 8
1179 	 1.0 	 0.170 	 10
1180 	 1.0 	 0.200 	 8
1181 	 1.0 	 0.180 	 8
1182 	 1.0 	 0.010 	 17
1183 	 1.0 	 0.110 	 9
1184 	 0.0 	 0.060 	 22
1185 	 0.0 	 0.150 	 17
1186 	 1.0 	 0.160 	 9
1187 	 0.0 	 0.190 	 20
1188 	 0.0 	 0.130 	 19
1189 	 1.0 	 0.200 	 15
1190 	 0.0 	 0.100 	 16
1191 	 0.0 	 0.110 	 13
1192 	 0.0 	 0.130 	 19
1193 	 0.0 	 0.140 	 10
1194 	 1.0 	 0.030 	 7
1195 	 1.0 	 0.090 	 8
1196 	 1.0 	 0.030 	 9
1197 	 0.0 	 0.200 	 22
1198 	 0.0 	 0.090 	 22
1199 	 0.0 	 0.120 	 18
1200 	 1.0 	 0.010 	 7
1201 	 0.0 	 0.120 	 31
1202 	 1.0 	 0.130 	 13
1203 	 0.0 	 0.160 	 28
1204 	 0.0 	 0.100 	 23
1205 	 0.0 	 0.160 	 35
1206 	 0.0 	 0.170 	 25
1207 	 0.0 	 0.040 	 26
1208 	 0.0 	 0.160 	 27
1209 	 0.0 	 0.010 	 12
1210 	 0.0 	 0.140 	 20
1211 	 1.0 	 0.180 	 11
1212 	 0.0 	 0.080 	 23
1213 	 1.0 	 0.200 	 13
1214 	 0.0 	 0.190 	 23
1215 	 0.0 	 0.200 	 19
1216 	 1.0 	 0.070 	 11
1217 	 0.0 	 0.110 	 27
1218 	 0.0 	 0.100 	 20
1219 	 0.0 	 0.070 	 24
1220 	 0.0 	 0.010 	 25
1221 	 0.0 	 0.160 	 36
1222 	 0.0 	 0.200 	 20
1223 	 0.0 	 0.080 	 15
1224 	 0.0 	 0.150 	 36
1225 	 0.0 	 0.150 	 27
1226 	 0.0 	 0.110 	 21
1227 	 0.0 	 0.100 	 12
1228 	 0.0 	 0.090 	 18
1229 	 1.0 	 0.170 	 11
1230 	 0.0 	 0.120 	 31
1231 	 0.0 	 0.080 	 15
1232 	 0.0 	 0.140 	 31
1233 	 0.0 	 0.060 	 15
1234 	 0.0 	 0.090 	 23
1235 	 0.0 	 0.120 	 35
1236 	 0.0 	 0.020 	 15
1237 	 1.0 	 0.060 	 15
1238 	 0.0 	 0.180 	 32
1239 	 0.0 	 0.070 	 20
1240 	 0.0 	 0.110 	 17
1241 	 0.0 	 0.120 	 27
1242 	 0.0 	 0.170 	 29
1243 	 0.0 	 0.010 	 28
1244 	 0.0 	 0.180 	 29
1245 	 0.0 	 0.100 	 30
1246 	 0.0 	 0.120 	 23
1247 	 0.0 	 0.200 	 30
1248 	 0.0 	 0.160 	 34
1249 	 1.0 	 0.060 	 11
1250 	 1.0 	 0.160 	 14
1251 	 0.0 	 0.170 	 28
1252 	 0.0 	 0.090 	 20
1253 	 1.0 	 0.150 	 12
1254 	 0.0 	 0.040 	 32
1255 	 1.0 	 0.070 	 12
1256 	 0.0 	 0.140 	 30
1257 	 0.0 	 0.080 	 24
1258 	 0.0 	 0.020 	 31
1259 	 0.0 	 0.060 	 11
1260 	 0.0 	 0.200 	 19
1261 	 0.0 	 0.150 	 16
1262 	 0.0 	 0.140 	 21
1263 	 0.0 	 0.080 	 21
1264 	 1.0 	 0.060 	 14
1265 	 0.0 	 0.150 	 22
1266 	 0.0 	 0.180 	 21
1267 	 0.0 	 0.040 	 12
1268 	 0.0 	 0.070 	 28
1269 	 0.0 	 0.090 	 18
1270 	 0.0 	 0.190 	 27
1271 	 0.0 	 0.110 	 36
1272 	 0.0 	 0.020 	 27
1273 	 0.0 	 0.060 	 23
1274 	 0.0 	 0.170 	 28
1275 	 0.0 	 0.070 	 32
1276 	 0.0 	 0.160 	 12
1277 	 0.0 	 0.170 	 32
1278 	 0.0 	 0.190 	 29
1279 	 0.0 	 0.180 	 34
1280 	 0.0 	 0.070 	 36
1281 	 0.0 	 0.200 	 33
1282 	 0.0 	 0.040 	 20
1283 	 0.0 	 0.030 	 35
1284 	 0.0 	 0.190 	 17
1285 	 0.0 	 0.050 	 26
1286 	 1.0 	 0.160 	 12
1287 	 1.0 	 0.140 	 11
1288 	 0.0 	 0.150 	 14
1289 	 1.0 	 0.110 	 12
1290 	 0.0 	 0.070 	 27
1291 	 0.0 	 0.160 	 30
1292 	 0.0 	 0.160 	 31
1293 	 0.0 	 0.080 	 13
1294 	 1.0 	 0.090 	 11
1295 	 0.0 	 0.040 	 16
1296 	 0.0 	 0.070 	 28
1297 	 0.0 	 0.010 	 32
1298 	 0.0 	 0.090 	 33
1299 	 0.0 	 0.180 	 21
1300 	 0.0 	 0.120 	 33
1301 	 0.0 	 0.170 	 12
1302 	 0.0 	 0.180 	 20
1303 	 0.0 	 0.140 	 14
1304 	 0.0 	 0.070 	 35
1305 	 0.0 	 0.160 	 14
1306 	 0.0 	 0.180 	 27
1307 	 0.0 	 0.110 	 36
1308 	 1.0 	 0.100 	 14
1309 	 0.0 	 0.200 	 30
1310 	 1.0 	 0.150 	 11
1311 	 0.0 	 0.030 	 17
1312 	 0.0 	 0.080 	 30
1313 	 0.0 	 0.140 	 32
1314 	 0.0 	 0.200 	 27
1315 	 0.0 	 0.050 	 20
1316 	 0.0 	 0.090 	 15
1317 	 0.0 	 0.090 	 22
1318 	 0.0 	 0.160 	 19
1319 	 0.0 	 0.160 	 35
1320 	 0.0 	 0.070 	 18
1321 	 1.0 	 0.180 	 15
1322 	 0.0 	 0.140 	 33
1323 	 0.0 	 0.190 	 29
1324 	 0.0 	 0.140 	 30
1325 	 0.0 	 0.170 	 33
1326 	 0.0 	 0.110 	 35
1327 	 0.0 	 0.010 	 15
1328 	 1.0 	 0.120 	 11
1329 	 0.0 	 0.020 	 15
1330 	 0.0 	 0.100 	 20
1331 	 0.0 	 0.030 	 26
1332 	 0.0 	 0.040 	 24
1333 	 0.0 	 0.140 	 28
1334 	 0.0 	 0.200 	 31
1335 	 0.0 	 0.200 	 17
1336 	 0.0 	 0.030 	 23
1337 	 0.0 	 0.030 	 23
1338 	 1.0 	 0.060 	 16
1339 	 0.0 	 0.190 	 18
1340 	 0.0 	 0.200 	 16
1341 	 0.0 	 0.200 	 11
1342 	 0.0 	 0.070 	 26
1343 	 0.0 	 0.160 	 17
1344 	 0.0 	 0.070 	 30
1345 	 0.0 	 0.020 	 25
1346 	 0.0 	 0.140 	 21
1347 	 0.0 	 0.090 	 19
1348 	 0.0 	 0.040 	 34
1349 	 0.0 	 0.010 	 27
1350 	 0.0 	 0.190 	 22
1351 	 0.0 	 0.170 	 21
1352 	 0.0 	 0.040 	 20
1353 	 1.0 	 0.100 	 14
1354 	 0.0 	 0.020 	 18
1355 	 0.0 	 0.060 	 34
1356 	 0.0 	 0.050 	 27
1357 	 0.0 	 0.180 	 17
1358 	 0.0 	 0.060 	 27
1359 	 0.0 	 0.190 	 18
1360 	 0.0 	 0.140 	 17
1361 	 0.0 	 0.190 	 26
1362 	 0.0 	 0.190 	 34
1363 	 0.0 	 0.040 	 31
1364 	 0.0 	 0.050 	 18
1365 	 0.0 	 0.160 	 27
1366 	 0.0 	 0.120 	 22
1367 	 0.0 	 0.100 	 34
1368 	 0.0 	 0.090 	 28
1369 	 0.0 	 0.120 	 27
1370 	 0.0 	 0.160 	 16
1371 	 0.0 	 0.070 	 26
1372 	 0.0 	 0.180 	 32
1373 	 1.0 	 0.140 	 12
1374 	 0.0 	 0.190 	 36
1375 	 0.0 	 0.120 	 14
1376 	 0.0 	 0.180 	 11
1377 	 0.0 	 0.020 	 19
1378 	 0.0 	 0.120 	 14
1379 	 0.0 	 0.010 	 34
1380 	 0.0 	 0.150 	 36
1381 	 0.0 	 0.190 	 24
1382 	 0.0 	 0.120 	 31
1383 	 0.0 	 0.190 	 18
1384 	 0.0 	 0.050 	 17
1385 	 0.0 	 0.050 	 14
1386 	 1.0 	 0.190 	 14
1387 	 0.0 	 0.120 	 26
1388 	 0.0 	 0.180 	 16
1389 	 0.0 	 0.050 	 33
1390 	 0.0 	 0.040 	 28
1391 	 0.0 	 0.170 	 24
1392 	 0.0 	 0.010 	 26
1393 	 0.0 	 0.010 	 33
1394 	 0.0 	 0.200 	 17
1395 	 0.0 	 0.080 	 18
1396 	 0.0 	 0.130 	 27
1397 	 0.0 	 0.170 	 16
1398 	 0.0 	 0.100 	 24
1399 	 1.0 	 0.010 	 15
1400 	 0.0 	 0.090 	 34
1401 	 0.0 	 0.080 	 16
1402 	 0.0 	 0.180 	 18
1403 	 0.0 	 0.200 	 26
1404 	 0.0 	 0.130 	 20
1405 	 0.0 	 0.030 	 23
1406 	 0.0 	 0.100 	 23
1407 	 1.0 	 0.020 	 12
1408 	 0.0 	 0.120 	 31
1409 	 0.0 	 0.120 	 36
1410 	 0.0 	 0.020 	 18
1411 	 0.0 	 0.070 	 35
1412 	 0.0 	 0.100 	 23
1413 	 0.0 	 0.100 	 20
1414 	 0.0 	 0.200 	 14
1415 	 0.0 	 0.190 	 34
1416 	 0.0 	 0.030 	 14
1417 	 0.0 	 0.020 	 30
1418 	 0.0 	 0.160 	 35
1419 	 0.0 	 0.040 	 20
1420 	 0.0 	 0.040 	 24
1421 	 0.0 	 0.090 	 29
1422 	 0.0 	 0.070 	 19
1423 	 0.0 	 0.130 	 24
1424 	 0.0 	 0.190 	 32
1425 	 0.0 	 0.060 	 32
1426 	 0.0 	 0.150 	 19
1427 	 0.0 	 0.130 	 31
1428 	 0.0 	 0.100 	 12
1429 	 0.0 	 0.130 	 14
1430 	 0.0 	 0.200 	 28
1431 	 0.0 	 0.090 	 27
1432 	 0.0 	 0.190 	 18
1433 	 0.0 	 0.050 	 27
1434 	 0.0 	 0.020 	 36
1435 	 0.0 	 0.020 	 36
1436 	 0.0 	 0.050 	 22
1437 	 0.0 	 0.090 	 30
1438 	 0.0 	 0.110 	 17
1439 	 0.0 	 0.100 	 33
1440 	 0.0 	 0.150 	 32
1441 	 0.0 	 0.040 	 32
1442 	 0.0 	 0.150 	 17
1443 	 0.0 	 0.120 	 12
1444 	 0.0 	 0.040 	 20
1445 	 0.0 	 0.020 	 13
1446 	 0.0 	 0.030 	 18
1447 	 0.0 	 0.150 	 21
1448 	 0.0 	 0.170 	 14
1449 	 0.0 	 0.180 	 32
1450 	 0.0 	 0.170 	 29
1451 	 0.0 	 0.100 	 28
1452 	 0.0 	 0.200 	 27
1453 	 1.0 	 0.100 	 12
1454 	 0.0 	 0.070 	 25
1455 	 0.0 	 0.200 	 31
1456 	 0.0 	 0.100 	 29
1457 	 0.0 	 0.090 	 15
1458 	 0.0 	 0.170 	 33
1459 	 0.0 	 0.020 	 34
1460 	 0.0 	 0.160 	 19
1461 	 0.0 	 0.010 	 36
1462 	 0.0 	 0.090 	 14
1463 	 0.0 	 0.010 	 19
1464 	 0.0 	 0.030 	 26
1465 	 0.0 	 0.110 	 34
1466 	 0.0 	 0.120 	 30
1467 	 0.0 	 0.050 	 27
1468 	 0.0 	 0.060 	 12
1469 	 0.0 	 0.120 	 23
1470 	 0.0 	 0.060 	 15
1471 	 0.0 	 0.180 	 27
1472 	 1.0 	 0.020 	 17
1473 	 0.0 	 0.160 	 23
1474 	 1.0 	 0.190 	 16
1475 	 0.0 	 0.090 	 13
1476 	 0.0 	 0.130 	 20
1477 	 0.0 	 0.050 	 36
1478 	 0.0 	 0.080 	 25
1479 	 0.0 	 0.180 	 16
1480 	 0.0 	 0.160 	 21
1481 	 0.0 	 0.110 	 19
1482 	 0.0 	 0.040 	 15
1483 	 0.0 	 0.060 	 25
1484 	 0.0 	 0.100 	 27
1485 	 0.0 	 0.040 	 29
1486 	 0.0 	 0.080 	 16
1487 	 0.0 	 0.150 	 30
1488 	 0.0 	 0.190 	 11
1489 	 0.0 	 0.010 	 17
1490 	 1.0 	 0.150 	 11
1491 	 0.0 	 0.080 	 28
1492 	 0.0 	 0.110 	 28
1493 	 0.0 	 0.010 	 13
1494 	 0.0 	 0.160 	 17
1495 	 0.0 	 0.060 	 35
1496 	 0.0 	 0.120 	 29
1497 	 0.0 	 0.040 	 32
1498 	 0.0 	 0.180 	 30
1499 	 0.0 	 0.020 	 33
1500 	 0.0 	 0.060 	 22
1501 	 0.0 	 0.100 	 36
1502 	 0.0 	 0.200 	 19
1503 	 1.0 	 0.140 	 12
1504 	 0.0 	 0.020 	 24
1505 	 1.0 	 0.050 	 13
1506 	 0.0 	 0.180 	 35
1507 	 0.0 	 0.150 	 30
1508 	 1.0 	 0.120 	 16
1509 	 1.0 	 0.110 	 11
1510 	 0.0 	 0.110 	 18
1511 	 0.0 	 0.170 	 14
1512 	 0.0 	 0.200 	 31
1513 	 0.0 	 0.110 	 15
1514 	 1.0 	 0.200 	 11
1515 	 0.0 	 0.070 	 16
1516 	 0.0 	 0.190 	 15
1517 	 0.0 	 0.100 	 26
1518 	 0.0 	 0.030 	 34
1519 	 0.0 	 0.120 	 16
1520 	 0.0 	 0.110 	 32
1521 	 0.0 	 0.100 	 24
1522 	 0.0 	 0.070 	 32
1523 	 0.0 	 0.040 	 30
1524 	 0.0 	 0.030 	 17
1525 	 0.0 	 0.050 	 27
1526 	 0.0 	 0.110 	 35
1527 	 0.0 	 0.070 	 22
1528 	 1.0 	 0.190 	 11
1529 	 1.0 	 0.060 	 12
1530 	 0.0 	 0.100 	 33
1531 	 0.0 	 0.110 	 33
1532 	 0.0 	 0.160 	 23
1533 	 0.0 	 0.160 	 13
1534 	 0.0 	 0.030 	 27
1535 	 0.0 	 0.180 	 31
1536 	 0.0 	 0.110 	 36
1537 	 0.0 	 0.070 	 36
1538 	 0.0 	 0.030 	 23
1539 	 0.0 	 0.090 	 12
1540 	 0.0 	 0.180 	 22
1541 	 0.0 	 0.070 	 33
1542 	 0.0 	 0.010 	 15
1543 	 0.0 	 0.190 	 26
1544 	 1.0 	 0.160 	 14
1545 	 0.0 	 0.060 	 19
1546 	 0.0 	 0.130 	 27
1547 	 0.0 	 0.040 	 26
1548 	 0.0 	 0.160 	 36
1549 	 0.0 	 0.080 	 14
1550 	 0.0 	 0.200 	 25
1551 	 0.0 	 0.080 	 17
1552 	 0.0 	 0.100 	 11
1553 	 0.0 	 0.040 	 30
1554 	 0.0 	 0.100 	 27
1555 	 0.0 	 0.150 	 29
1556 	 1.0 	 0.160 	 12
1557 	 0.0 	 0.010 	 16
1558 	 0.0 	 0.080 	 32
1559 	 0.0 	 0.080 	 14
1560 	 0.0 	 0.180 	 16
1561 	 1.0 	 0.050 	 12
1562 	 1.0 	 0.130 	 11
1563 	 0.0 	 0.140 	 13
1564 	 0.0 	 0.120 	 35
1565 	 0.0 	 0.040 	 19
1566 	 0.0 	 0.130 	 30
1567 	 0.0 	 0.190 	 33
1568 	 0.0 	 0.090 	 31
1569 	 0.0 	 0.020 	 28
1570 	 0.0 	 0.160 	 27
1571 	 1.0 	 0.180 	 12
1572 	 1.0 	 0.010 	 15
1573 	 0.0 	 0.190 	 27
1574 	 0.0 	 0.090 	 18
1575 	 0.0 	 0.130 	 27
1576 	 0.0 	 0.170 	 16
1577 	 0.0 	 0.200 	 16
1578 	 0.0 	 0.040 	 32
1579 	 0.0 	 0.120 	 15
1580 	 0.0 	 0.020 	 33
1581 	 1.0 	 0.010 	 11
1582 	 0.0 	 0.030 	 23
1583 	 0.0 	 0.130 	 34
1584 	 0.0 	 0.130 	 21
1585 	 1.0 	 0.010 	 14
1586 	 0.0 	 0.110 	 30
1587 	 0.0 	 0.200 	 29
1588 	 0.0 	 0.170 	 20
1589 	 0.0 	 0.080 	 18
1590 	 0.0 	 0.010 	 17
1591 	 0.0 	 0.040 	 22
1592 	 0.0 	 0.130 	 29
1593 	 0.0 	 0.090 	 24
1594 	 0.0 	 0.150 	 11
1595 	 1.0 	 0.080 	 12
1596 	 0.0 	 0.160 	 34
1597 	 0.0 	 0.190 	 15
1598 	 0.0 	 0.140 	 29
1599 	 0.0 	 0.080 	 21
1600 	 0.0 	 0.050 	 34
1601 	 0.0 	 0.100 	 33
1602 	 0.0 	 0.040 	 25
1603 	 0.0 	 0.100 	 18
1604 	 0.0 	 0.090 	 16
1605 	 0.0 	 0.160 	 21
1606 	 0.0 	 0.070 	 17
1607 	 0.0 	 0.120 	 17
1608 	 0.0 	 0.110 	 23
1609 	 0.0 	 0.070 	 20
1610 	 0.0 	 0.050 	 18
1611 	 0.0 	 0.200 	 24
1612 	 0.0 	 0.190 	 21
1613 	 0.0 	 0.180 	 14
1614 	 1.0 	 0.140 	 14
1615 	 0.0 	 0.080 	 34
1616 	 0.0 	 0.180 	 11
1617 	 0.0 	 0.130 	 23
1618 	 0.0 	 0.180 	 34
1619 	 0.0 	 0.110 	 22
1620 	 0.0 	 0.060 	 18
1621 	 0.0 	 0.060 	 18
1622 	 0.0 	 0.020 	 15
1623 	 0.0 	 0.150 	 25
1624 	 0.0 	 0.110 	 36
1625 	 0.0 	 0.120 	 31
1626 	 0.0 	 0.170 	 29
1627 	 0.0 	 0.160 	 24
1628 	 0.0 	 0.150 	 35
1629 	 0.0 	 0.110 	 22
1630 	 0.0 	 0.020 	 26
1631 	 0.0 	 0.020 	 36
1632 	 0.0 	 0.030 	 30
1633 	 0.0 	 0.150 	 31
1634 	 0.0 	 0.160 	 27
1635 	 1.0 	 0.040 	 15
1636 	 0.0 	 0.050 	 18
1637 	 0.0 	 0.010 	 22
1638 	 0.0 	 0.120 	 16
1639 	 0.0 	 0.040 	 17
1640 	 1.0 	 0.080 	 15
1641 	 0.0 	 0.050 	 26
1642 	 0.0 	 0.050 	 27
1643 	 0.0 	 0.070 	 16
1644 	 0.0 	 0.110 	 19
1645 	 0.0 	 0.180 	 13
1646 	 1.0 	 0.090 	 15
1647 	 0.0 	 0.060 	 29
1648 	 0.0 	 0.200 	 35
1649 	 0.0 	 0.130 	 11
1650 	 0.0 	 0.100 	 36
1651 	 0.0 	 0.020 	 30
1652 	 0.0 	 0.020 	 30
1653 	 0.0 	 0.200 	 20
1654 	 0.0 	 0.100 	 18
1655 	 0.0 	 0.200 	 22
1656 	 0.0 	 0.190 	 31
1657 	 0.0 	 0.110 	 22
1658 	 0.0 	 0.170 	 17
1659 	 1.0 	 0.020 	 12
1660 	 0.0 	 0.080 	 16
1661 	 0.0 	 0.100 	 20
1662 	 0.0 	 0.160 	 36
1663 	 0.0 	 0.060 	 21
1664 	 0.0 	 0.020 	 25
1665 	 1.0 	 0.190 	 14
1666 	 0.0 	 0.050 	 36
1667 	 0.0 	 0.170 	 23
1668 	 0.0 	 0.090 	 35
1669 	 0.0 	 0.200 	 16
1670 	 0.0 	 0.140 	 33
1671 	 0.0 	 0.110 	 36
1672 	 1.0 	 0.110 	 11
1673 	 0.0 	 0.060 	 16
1674 	 0.0 	 0.150 	 23
1675 	 0.0 	 0.110 	 30
1676 	 0.0 	 0.140 	 18
1677 	 0.0 	 0.060 	 34
1678 	 0.0 	 0.150 	 17
1679 	 0.0 	 0.160 	 34
1680 	 0.0 	 0.170 	 30
1681 	 0.0 	 0.170 	 28
1682 	 0.0 	 0.200 	 23
1683 	 0.0 	 0.080 	 25
1684 	 0.0 	 0.180 	 24
1685 	 0.0 	 0.070 	 21
1686 	 0.0 	 0.140 	 26
1687 	 0.0 	 0.060 	 30
1688 	 1.0 	 0.040 	 12
1689 	 0.0 	 0.040 	 25
1690 	 0.0 	 0.070 	 30
1691 	 0.0 	 0.010 	 20
1692 	 0.0 	 0.030 	 27
1693 	 0.0 	 0.190 	 33
1694 	 0.0 	 0.150 	 23
1695 	 0.0 	 0.050 	 26
1696 	 0.0 	 0.140 	 22
1697 	 1.0 	 0.140 	 11
1698 	 0.0 	 0.160 	 13
1699 	 0.0 	 0.060 	 34
1700 	 1.0 	 0.170 	 14
1701 	 0.0 	 0.110 	 20
1702 	 0.0 	 0.100 	 20
1703 	 0.0 	 0.090 	 34
1704 	 0.0 	 0.190 	 31
1705 	 0.0 	 0.140 	 27
1706 	 0.0 	 0.190 	 25
1707 	 0.0 	 0.010 	 19
1708 	 0.0 	 0.150 	 31
1709 	 0.0 	 0.120 	 16
1710 	 0.0 	 0.030 	 27
1711 	 0.0 	 0.100 	 29
1712 	 0.0 	 0.120 	 22
1713 	 0.0 	 0.130 	 14
1714 	 0.0 	 0.100 	 32
1715 	 0.0 	 0.030 	 15
1716 	 0.0 	 0.190 	 31
1717 	 0.0 	 0.050 	 23
1718 	 0.0 	 0.120 	 21
1719 	 0.0 	 0.190 	 24
1720 	 0.0 	 0.090 	 21
1721 	 0.0 	 0.110 	 36
1722 	 0.0 	 0.130 	 23
1723 	 0.0 	 0.090 	 32
1724 	 0.0 	 0.050 	 25
1725 	 1.0 	 0.060 	 15
1726 	 0.0 	 0.100 	 27
1727 	 1.0 	 0.190 	 14
1728 	 0.0 	 0.120 	 17
1729 	 0.0 	 0.110 	 29
1730 	 0.0 	 0.180 	 36
1731 	 0.0 	 0.010 	 36
1732 	 0.0 	 0.010 	 27
1733 	 0.0 	 0.150 	 18
1734 	 1.0 	 0.030 	 18
1735 	 0.0 	 0.060 	 32
1736 	 1.0 	 0.080 	 17
1737 	 0.0 	 0.150 	 18
1738 	 0.0 	 0.130 	 35
1739 	 0.0 	 0.060 	 18
1740 	 0.0 	 0.060 	 26
1741 	 0.0 	 0.080 	 33
1742 	 0.0 	 0.190 	 26
1743 	 1.0 	 0.070 	 18
1744 	 0.0 	 0.110 	 24
1745 	 0.0 	 0.060 	 29
1746 	 0.0 	 0.100 	 32
1747 	 0.0 	 0.180 	 30
1748 	 0.0 	 0.070 	 21
1749 	 0.0 	 0.200 	 24
1750 	 0.0 	 0.160 	 30
1751 	 0.0 	 0.160 	 30
1752 	 0.0 	 0.020 	 33
1753 	 0.0 	 0.080 	 20
1754 	 0.0 	 0.100 	 35
1755 	 0.0 	 0.040 	 17
1756 	 0.0 	 0.170 	 33
1757 	 0.0 	 0.100 	 25
1758 	 0.0 	 0.180 	 25
1759 	 0.0 	 0.050 	 32
1760 	 0.0 	 0.170 	 22
1761 	 0.0 	 0.040 	 20
1762 	 0.0 	 0.130 	 29
1763 	 0.0 	 0.140 	 29
1764 	 0.0 	 0.050 	 17
1765 	 0.0 	 0.170 	 16
1766 	 0.0 	 0.050 	 18
1767 	 0.0 	 0.040 	 25
1768 	 0.0 	 0.070 	 34
1769 	 1.0 	 0.200 	 20
1770 	 0.0 	 0.130 	 19
1771 	 0.0 	 0.190 	 25
1772 	 0.0 	 0.160 	 19
1773 	 0.0 	 0.150 	 35
1774 	 0.0 	 0.150 	 36
1775 	 0.0 	 0.100 	 33
1776 	 0.0 	 0.070 	 19
1777 	 0.0 	 0.090 	 21
1778 	 0.0 	 0.120 	 30
1779 	 0.0 	 0.190 	 26
1780 	 0.0 	 0.140 	 34
1781 	 0.0 	 0.200 	 25
1782 	 0.0 	 0.200 	 34
1783 	 0.0 	 0.140 	 26
1784 	 0.0 	 0.030 	 32
1785 	 0.0 	 0.200 	 30
1786 	 0.0 	 0.150 	 25
1787 	 0.0 	 0.170 	 28
1788 	 1.0 	 0.030 	 19
1789 	 0.0 	 0.150 	 34
1790 	 0.0 	 0.030 	 24
1791 	 0.0 	 0.130 	 35
1792 	 0.0 	 0.170 	 31
1793 	 1.0 	 0.020 	 20
1794 	 0.0 	 0.020 	 36
1795 	 0.0 	 0.020 	 28
1796 	 0.0 	 0.130 	 15
1797 	 0.0 	 0.110 	 21
1798 	 0.0 	 0.030 	 24
1799 	 0.0 	 0.080 	 23
1800 	 0.0 	 0.070 	 31
1801 	 0.0 	 0.060 	 25
1802 	 0.0 	 0.200 	 24
1803 	 1.0 	 0.080 	 21
1804 	 0.0 	 0.120 	 15
1805 	 0.0 	 0.130 	 21
1806 	 0.0 	 0.050 	 23
1807 	 0.0 	 0.140 	 19
1808 	 0.0 	 0.050 	 28
1809 	 0.0 	 0.050 	 14
1810 	 0.0 	 0.080 	 32
1811 	 0.0 	 0.190 	 27
1812 	 0.0 	 0.110 	 24
1813 	 0.0 	 0.200 	 22
1814 	 0.0 	 0.020 	 31
1815 	 0.0 	 0.030 	 23
1816 	 0.0 	 0.030 	 28
1817 	 0.0 	 0.110 	 31
1818 	 0.0 	 0.200 	 23
1819 	 1.0 	 0.070 	 14
1820 	 0.0 	 0.110 	 28
1821 	 0.0 	 0.090 	 34
1822 	 0.0 	 0.060 	 30
1823 	 0.0 	 0.020 	 25
1824 	 0.0 	 0.120 	 36
1825 	 0.0 	 0.160 	 22
1826 	 0.0 	 0.050 	 26
1827 	 0.0 	 0.030 	 19
1828 	 0.0 	 0.110 	 25
1829 	 1.0 	 0.010 	 18
1830 	 0.0 	 0.170 	 20
1831 	 0.0 	 0.010 	 35
1832 	 0.0 	 0.120 	 34
1833 	 0.0 	 0.120 	 32
1834 	 1.0 	 0.150 	 16
1835 	 0.0 	 0.170 	 15
1836 	 0.0 	 0.070 	 21
1837 	 0.0 	 0.040 	 22
1838 	 0.0 	 0.010 	 17
1839 	 0.0 	 0.060 	 20
1840 	 0.0 	 0.030 	 36
1841 	 1.0 	 0.110 	 16
1842 	 1.0 	 0.130 	 16
1843 	 0.0 	 0.180 	 21
1844 	 0.0 	 0.020 	 36
1845 	 0.0 	 0.050 	 28
1846 	 0.0 	 0.190 	 36
1847 	 0.0 	 0.190 	 21
1848 	 0.0 	 0.010 	 35
1849 	 0.0 	 0.180 	 19
1850 	 0.0 	 0.070 	 30
1851 	 1.0 	 0.170 	 14
1852 	 1.0 	 0.070 	 15
1853 	 0.0 	 0.180 	 33
1854 	 1.0 	 0.070 	 15
1855 	 0.0 	 0.190 	 24
1856 	 0.0 	 0.050 	 25
1857 	 0.0 	 0.190 	 34
1858 	 0.0 	 0.040 	 30
1859 	 1.0 	 0.040 	 20
1860 	 0.0 	 0.030 	 31
1861 	 1.0 	 0.150 	 14
1862 	 0.0 	 0.080 	 22
1863 	 0.0 	 0.090 	 22
1864 	 0.0 	 0.060 	 19
1865 	 0.0 	 0.200 	 35
1866 	 1.0 	 0.010 	 14
1867 	 0.0 	 0.180 	 26
1868 	 0.0 	 0.110 	 31
1869 	 0.0 	 0.020 	 34
1870 	 0.0 	 0.180 	 35
1871 	 0.0 	 0.140 	 17
1872 	 0.0 	 0.150 	 23
1873 	 0.0 	 0.160 	 28
1874 	 0.0 	 0.160 	 24
1875 	 0.0 	 0.200 	 27
1876 	 0.0 	 0.020 	 36
1877 	 0.0 	 0.140 	 23
1878 	 0.0 	 0.050 	 22
1879 	 0.0 	 0.140 	 26
1880 	 1.0 	 0.130 	 15
1881 	 0.0 	 0.080 	 28
1882 	 0.0 	 0.170 	 31
1883 	 0.0 	 0.020 	 15
1884 	 0.0 	 0.180 	 32
1885 	 0.0 	 0.150 	 20
1886 	 0.0 	 0.060 	 24
1887 	 0.0 	 0.090 	 29
1888 	 0.0 	 0.020 	 21
1889 	 1.0 	 0.030 	 16
1890 	 0.0 	 0.020 	 22
1891 	 1.0 	 0.060 	 14
1892 	 0.0 	 0.170 	 36
1893 	 0.0 	 0.130 	 32
1894 	 0.0 	 0.010 	 30
1895 	 0.0 	 0.090 	 22
1896 	 1.0 	 0.040 	 17
1897 	 0.0 	 0.070 	 31
1898 	 1.0 	 0.190 	 20
1899 	 0.0 	 0.200 	 17
1900 	 0.0 	 0.080 	 19
1901 	 0.0 	 0.030 	 34
1902 	 0.0 	 0.190 	 29
1903 	 0.0 	 0.160 	 22
1904 	 1.0 	 0.010 	 14
1905 	 0.0 	 0.200 	 34
1906 	 0.0 	 0.010 	 33
1907 	 0.0 	 0.050 	 25
1908 	 0.0 	 0.140 	 36
1909 	 0.0 	 0.070 	 36
1910 	 0.0 	 0.040 	 24
1911 	 0.0 	 0.130 	 18
1912 	 0.0 	 0.070 	 15
1913 	 0.0 	 0.090 	 35
1914 	 0.0 	 0.200 	 28
1915 	 0.0 	 0.060 	 27
1916 	 0.0 	 0.020 	 23
1917 	 0.0 	 0.200 	 28
1918 	 0.0 	 0.040 	 22
1919 	 0.0 	 0.150 	 25
1920 	 0.0 	 0.170 	 29
1921 	 0.0 	 0.040 	 20
1922 	 0.0 	 0.170 	 35
1923 	 0.0 	 0.180 	 31
1924 	 0.0 	 0.180 	 16
1925 	 0.0 	 0.190 	 33
1926 	 0.0 	 0.180 	 29
1927 	 0.0 	 0.140 	 23
1928 	 0.0 	 0.100 	 20
1929 	 0.0 	 0.170 	 22
1930 	 0.0 	 0.100 	 34
1931 	 0.0 	 0.130 	 22
1932 	 0.0 	 0.100 	 32
1933 	 0.0 	 0.050 	 33
1934 	 1.0 	 0.010 	 17
1935 	 0.0 	 0.060 	 33
1936 	 0.0 	 0.130 	 23
1937 	 0.0 	 0.020 	 30
1938 	 0.0 	 0.170 	 27
1939 	 0.0 	 0.030 	 17
1940 	 0.0 	 0.160 	 29
1941 	 0.0 	 0.020 	 22
1942 	 0.0 	 0.110 	 19
1943 	 0.0 	 0.040 	 16
1944 	 1.0 	 0.080 	 14
1945 	 0.0 	 0.100 	 25
1946 	 0.0 	 0.170 	 32
1947 	 0.0 	 0.130 	 14
1948 	 0.0 	 0.190 	 24
1949 	 0.0 	 0.030 	 19
1950 	 0.0 	 0.060 	 32
1951 	 0.0 	 0.070 	 32
1952 	 0.0 	 0.050 	 34
1953 	 0.0 	 0.020 	 33
1954 	 0.0 	 0.200 	 27
1955 	 0.0 	 0.100 	 34
1956 	 0.0 	 0.060 	 22
1957 	 0.0 	 0.080 	 35
1958 	 0.0 	 0.180 	 19
1959 	 0.0 	 0.140 	 25
1960 	 0.0 	 0.030 	 24
1961 	 0.0 	 0.130 	 33
1962 	 0.0 	 0.020 	 22
1963 	 0.0 	 0.020 	 18
1964 	 0.0 	 0.050 	 25
1965 	 1.0 	 0.170 	 17
1966 	 1.0 	 0.100 	 18
1967 	 0.0 	 0.160 	 32
1968 	 0.0 	 0.180 	 30
1969 	 0.0 	 0.030 	 25
1970 	 0.0 	 0.080 	 31
1971 	 0.0 	 0.030 	 15
1972 	 1.0 	 0.090 	 16
1973 	 0.0 	 0.130 	 27
1974 	 0.0 	 0.110 	 26
1975 	 0.0 	 0.200 	 32
1976 	 0.0 	 0.200 	 16
1977 	 0.0 	 0.080 	 33
1978 	 0.0 	 0.120 	 29
1979 	 0.0 	 0.180 	 24
1980 	 1.0 	 0.140 	 15
1981 	 1.0 	 0.050 	 14
1982 	 0.0 	 0.080 	 33
1983 	 0.0 	 0.130 	 18
1984 	 0.0 	 0.160 	 33
1985 	 0.0 	 0.060 	 20
1986 	 0.0 	 0.170 	 29
1987 	 0.0 	 0.200 	 16
1988 	 1.0 	 0.110 	 16
1989 	 1.0 	 0.130 	 16
1990 	 0.0 	 0.080 	 19
1991 	 0.0 	 0.040 	 26
1992 	 0.0 	 0.040 	 22
1993 	 1.0 	 0.010 	 14
1994 	 0.0 	 0.180 	 32
1995 	 0.0 	 0.090 	 34
1996 	 0.0 	 0.050 	 35
1997 	 1.0 	 0.020 	 17
1998 	 0.0 	 0.130 	 35
1999 	 0.0 	 0.070 	 31
2000 	 0.0 	 0.170 	 19
