1 	 -0.0 	 0.170 	 24
2 	 -0.0 	 0.030 	 27
3 	 -0.0 	 0.190 	 32
4 	 -0.0 	 0.200 	 21
5 	 -0.0 	 0.200 	 35
6 	 -0.0 	 0.080 	 25
7 	 -0.0 	 0.170 	 31
8 	 -0.0 	 0.070 	 27
9 	 -0.0 	 0.190 	 24
10 	 -0.0 	 0.080 	 30
11 	 -0.0 	 0.170 	 21
12 	 -0.0 	 0.010 	 36
13 	 -0.0 	 0.040 	 33
14 	 -0.0 	 0.040 	 36
15 	 1.0 	 0.110 	 21
16 	 1.0 	 0.110 	 26
17 	 -0.0 	 0.130 	 24
18 	 -0.0 	 0.130 	 32
19 	 1.0 	 0.070 	 22
20 	 -0.0 	 0.170 	 22
21 	 1.0 	 0.030 	 21
22 	 -0.0 	 0.040 	 32
23 	 -0.0 	 0.040 	 33
24 	 1.0 	 0.090 	 26
25 	 -0.0 	 0.140 	 30
26 	 1.0 	 0.050 	 24
27 	 -0.0 	 0.140 	 26
28 	 1.0 	 0.060 	 23
29 	 -0.0 	 0.090 	 25
30 	 1.0 	 0.040 	 23
31 	 1.0 	 0.200 	 21
32 	 -0.0 	 0.150 	 36
33 	 1.0 	 0.100 	 23
34 	 -0.0 	 0.130 	 26
35 	 -0.0 	 0.190 	 31
36 	 -0.0 	 0.140 	 35
37 	 1.0 	 0.130 	 22
38 	 0.0 	 0.010 	 30
39 	 -0.0 	 0.080 	 27
40 	 -0.0 	 0.140 	 34
41 	 -0.0 	 0.150 	 27
42 	 -0.0 	 0.090 	 21
43 	 1.0 	 0.040 	 23
44 	 -0.0 	 0.150 	 31
45 	 -0.0 	 0.010 	 25
46 	 -0.0 	 0.200 	 34
47 	 -0.0 	 0.200 	 28
48 	 -0.0 	 0.150 	 29
49 	 -0.0 	 0.080 	 28
50 	 -0.0 	 0.070 	 21
51 	 -0.0 	 0.010 	 23
52 	 -0.0 	 0.160 	 34
53 	 -0.0 	 0.030 	 33
54 	 -0.0 	 0.060 	 31
55 	 -0.0 	 0.150 	 26
56 	 -0.0 	 0.150 	 34
57 	 -0.0 	 0.080 	 27
58 	 -0.0 	 0.130 	 25
59 	 -0.0 	 0.080 	 34
60 	 1.0 	 0.150 	 21
61 	 -0.0 	 0.190 	 31
62 	 -0.0 	 0.050 	 33
63 	 -0.0 	 0.030 	 31
64 	 -0.0 	 0.060 	 27
65 	 -0.0 	 0.140 	 24
66 	 -0.0 	 0.150 	 33
67 	 -0.0 	 0.040 	 32
68 	 -0.0 	 0.050 	 25
69 	 -0.0 	 0.130 	 34
70 	 -0.0 	 0.020 	 26
71 	 -0.0 	 0.150 	 26
72 	 -0.0 	 0.040 	 30
73 	 -0.0 	 0.140 	 27
74 	 1.0 	 0.180 	 24
75 	 -0.0 	 0.150 	 22
76 	 -0.0 	 0.180 	 28
77 	 1.0 	 0.150 	 26
78 	 -0.0 	 0.160 	 36
79 	 1.0 	 0.100 	 22
80 	 -0.0 	 0.120 	 28
81 	 1.0 	 0.140 	 24
82 	 -0.0 	 0.060 	 25
83 	 0.0 	 0.110 	 33
84 	 -0.0 	 0.090 	 26
85 	 1.0 	 0.190 	 25
86 	 -0.0 	 0.020 	 28
87 	 1.0 	 0.140 	 27
88 	 -0.0 	 0.130 	 30
89 	 -0.0 	 0.180 	 23
90 	 -0.0 	 0.150 	 30
91 	 -0.0 	 0.170 	 32
92 	 -0.0 	 0.090 	 34
93 	 -0.0 	 0.180 	 33
94 	 -0.0 	 0.060 	 33
95 	 -0.0 	 0.060 	 28
96 	 -0.0 	 0.070 	 35
97 	 -0.0 	 0.160 	 25
98 	 -0.0 	 0.180 	 26
99 	 -0.0 	 0.140 	 29
100 	 -0.0 	 0.070 	 34
101 	 1.0 	 0.070 	 22
102 	 1.0 	 0.110 	 21
103 	 -0.0 	 0.120 	 27
104 	 -0.0 	 0.100 	 25
105 	 0.0 	 0.060 	 29
106 	 -0.0 	 0.080 	 28
107 	 -0.0 	 0.040 	 27
108 	 -0.0 	 0.010 	 25
109 	 1.0 	 0.100 	 24
110 	 -0.0 	 0.090 	 29
111 	 -0.0 	 0.130 	 29
112 	 -0.0 	 0.050 	 27
113 	 -0.0 	 0.120 	 36
114 	 -0.0 	 0.040 	 32
115 	 -0.0 	 0.100 	 25
116 	 -0.0 	 0.040 	 34
117 	 1.0 	 0.180 	 22
118 	 -0.0 	 0.170 	 25
119 	 -0.0 	 0.160 	 29
120 	 0.0 	 0.040 	 30
121 	 -0.0 	 0.010 	 22
122 	 -0.0 	 0.030 	 24
123 	 -0.0 	 0.170 	 25
124 	 -0.0 	 0.030 	 35
125 	 -0.0 	 0.200 	 36
126 	 -0.0 	 0.070 	 30
127 	 -0.0 	 0.150 	 21
128 	 0.0 	 0.020 	 34
129 	 -0.0 	 0.190 	 32
130 	 -0.0 	 0.160 	 35
131 	 -0.0 	 0.190 	 36
132 	 1.0 	 0.150 	 22
133 	 -0.0 	 0.100 	 32
134 	 -0.0 	 0.090 	 33
135 	 -0.0 	 0.020 	 27
136 	 -0.0 	 0.020 	 28
137 	 1.0 	 0.150 	 23
138 	 0.0 	 0.030 	 34
139 	 -0.0 	 0.090 	 35
140 	 -0.0 	 0.140 	 35
141 	 -0.0 	 0.140 	 23
142 	 -0.0 	 0.170 	 32
143 	 1.0 	 0.190 	 25
144 	 1.0 	 0.180 	 25
145 	 -0.0 	 0.010 	 27
146 	 -0.0 	 0.190 	 23
147 	 -0.0 	 0.070 	 26
148 	 -0.0 	 0.090 	 30
149 	 -0.0 	 0.180 	 26
150 	 -0.0 	 0.020 	 33
151 	 -0.0 	 0.040 	 33
152 	 -0.0 	 0.040 	 31
153 	 -0.0 	 0.090 	 25
154 	 -0.0 	 0.160 	 36
155 	 -0.0 	 0.130 	 26
156 	 1.0 	 0.020 	 23
157 	 -0.0 	 0.170 	 28
158 	 -0.0 	 0.150 	 36
159 	 -0.0 	 0.020 	 34
160 	 -0.0 	 0.160 	 27
161 	 -0.0 	 0.180 	 29
162 	 -0.0 	 0.110 	 30
163 	 -0.0 	 0.170 	 36
164 	 -0.0 	 0.080 	 26
165 	 1.0 	 0.120 	 22
166 	 -0.0 	 0.060 	 32
167 	 1.0 	 0.130 	 27
168 	 -0.0 	 0.170 	 27
169 	 -0.0 	 0.160 	 34
170 	 1.0 	 0.140 	 21
171 	 -0.0 	 0.120 	 36
172 	 -0.0 	 0.180 	 28
173 	 0.0 	 0.080 	 35
174 	 -0.0 	 0.140 	 36
175 	 1.0 	 0.200 	 24
176 	 1.0 	 0.140 	 21
177 	 -0.0 	 0.170 	 29
178 	 -0.0 	 0.140 	 24
179 	 -0.0 	 0.140 	 34
180 	 1.0 	 0.160 	 22
181 	 0.0 	 0.030 	 36
182 	 -0.0 	 0.070 	 23
183 	 1.0 	 0.110 	 26
184 	 -0.0 	 0.160 	 36
185 	 -0.0 	 0.080 	 27
186 	 -0.0 	 0.040 	 31
187 	 1.0 	 0.170 	 23
188 	 -0.0 	 0.140 	 29
189 	 -0.0 	 0.120 	 31
190 	 -0.0 	 0.020 	 36
191 	 -0.0 	 0.040 	 35
192 	 0.0 	 0.050 	 29
193 	 -0.0 	 0.090 	 32
194 	 -0.0 	 0.020 	 28
195 	 -0.0 	 0.040 	 36
196 	 -0.0 	 0.080 	 32
197 	 -0.0 	 0.150 	 31
198 	 -0.0 	 0.060 	 28
199 	 1.0 	 0.030 	 26
200 	 -0.0 	 0.060 	 35
201 	 0.0 	 0.030 	 15
202 	 0.0 	 0.120 	 27
203 	 0.0 	 0.030 	 14
204 	 1.0 	 0.030 	 11
205 	 0.0 	 0.140 	 30
206 	 0.0 	 0.040 	 28
207 	 0.0 	 0.140 	 24
208 	 0.0 	 0.200 	 34
209 	 0.0 	 0.010 	 26
210 	 0.0 	 0.120 	 36
211 	 0.0 	 0.010 	 28
212 	 0.0 	 0.160 	 20
213 	 0.0 	 0.190 	 22
214 	 1.0 	 0.120 	 11
215 	 0.0 	 0.140 	 15
216 	 0.0 	 0.200 	 32
217 	 0.0 	 0.190 	 28
218 	 0.0 	 0.200 	 35
219 	 0.0 	 0.030 	 33
220 	 0.0 	 0.170 	 16
221 	 0.0 	 0.090 	 15
222 	 0.0 	 0.030 	 25
223 	 0.0 	 0.110 	 21
224 	 0.0 	 0.200 	 21
225 	 1.0 	 0.160 	 13
226 	 0.0 	 0.080 	 34
227 	 0.0 	 0.200 	 25
228 	 1.0 	 0.190 	 14
229 	 0.0 	 0.100 	 17
230 	 0.0 	 0.070 	 13
231 	 0.0 	 0.030 	 11
232 	 0.0 	 0.110 	 20
233 	 0.0 	 0.050 	 18
234 	 0.0 	 0.040 	 21
235 	 0.0 	 0.130 	 34
236 	 1.0 	 0.160 	 9
237 	 0.0 	 0.090 	 32
238 	 0.0 	 0.140 	 27
239 	 0.0 	 0.120 	 21
240 	 0.0 	 0.130 	 18
241 	 0.0 	 0.080 	 11
242 	 0.0 	 0.150 	 16
243 	 1.0 	 0.110 	 9
244 	 0.0 	 0.120 	 23
245 	 1.0 	 0.130 	 15
246 	 1.0 	 0.140 	 12
247 	 1.0 	 0.130 	 11
248 	 0.0 	 0.150 	 36
249 	 1.0 	 0.130 	 14
250 	 0.0 	 0.060 	 26
251 	 0.0 	 0.090 	 14
252 	 1.0 	 0.080 	 11
253 	 0.0 	 0.130 	 30
254 	 0.0 	 0.170 	 20
255 	 0.0 	 0.190 	 25
256 	 0.0 	 0.160 	 23
257 	 0.0 	 0.140 	 21
258 	 0.0 	 0.100 	 35
259 	 0.0 	 0.050 	 12
260 	 1.0 	 0.150 	 9
261 	 0.0 	 0.130 	 25
262 	 0.0 	 0.150 	 32
263 	 1.0 	 0.100 	 13
264 	 0.0 	 0.070 	 24
265 	 0.0 	 0.100 	 11
266 	 0.0 	 0.170 	 18
267 	 0.0 	 0.130 	 17
268 	 0.0 	 0.080 	 29
269 	 0.0 	 0.170 	 32
270 	 0.0 	 0.020 	 15
271 	 0.0 	 0.200 	 30
272 	 1.0 	 0.110 	 13
273 	 0.0 	 0.180 	 12
274 	 0.0 	 0.090 	 20
275 	 0.0 	 0.150 	 14
276 	 0.0 	 0.150 	 21
277 	 0.0 	 0.050 	 19
278 	 1.0 	 0.100 	 17
279 	 0.0 	 0.150 	 16
280 	 0.0 	 0.140 	 28
281 	 0.0 	 0.130 	 26
282 	 1.0 	 0.100 	 10
283 	 0.0 	 0.070 	 18
284 	 1.0 	 0.010 	 15
285 	 0.0 	 0.100 	 20
286 	 0.0 	 0.140 	 19
287 	 0.0 	 0.050 	 28
288 	 0.0 	 0.160 	 33
289 	 0.0 	 0.120 	 25
290 	 0.0 	 0.150 	 28
291 	 1.0 	 0.170 	 17
292 	 1.0 	 0.180 	 15
293 	 0.0 	 0.110 	 34
294 	 0.0 	 0.120 	 11
295 	 0.0 	 0.160 	 35
296 	 0.0 	 0.140 	 14
297 	 0.0 	 0.030 	 18
298 	 1.0 	 0.140 	 10
299 	 0.0 	 0.130 	 24
300 	 1.0 	 0.010 	 11
301 	 0.0 	 0.100 	 28
302 	 0.0 	 0.020 	 17
303 	 1.0 	 0.180 	 13
304 	 0.0 	 0.050 	 30
305 	 1.0 	 0.100 	 9
306 	 0.0 	 0.040 	 19
307 	 0.0 	 0.030 	 35
308 	 0.0 	 0.060 	 30
309 	 0.0 	 0.070 	 15
310 	 0.0 	 0.120 	 23
311 	 0.0 	 0.190 	 32
312 	 0.0 	 0.080 	 18
313 	 0.0 	 0.130 	 24
314 	 0.0 	 0.180 	 27
315 	 1.0 	 0.020 	 10
316 	 1.0 	 0.010 	 16
317 	 0.0 	 0.050 	 31
318 	 0.0 	 0.080 	 28
319 	 0.0 	 0.070 	 26
320 	 0.0 	 0.050 	 16
321 	 0.0 	 0.020 	 15
322 	 0.0 	 0.050 	 22
323 	 0.0 	 0.100 	 17
324 	 0.0 	 0.100 	 26
325 	 0.0 	 0.090 	 22
326 	 0.0 	 0.040 	 36
327 	 0.0 	 0.150 	 35
328 	 0.0 	 0.170 	 32
329 	 0.0 	 0.180 	 28
330 	 0.0 	 0.160 	 15
331 	 0.0 	 0.130 	 17
332 	 0.0 	 0.170 	 36
333 	 0.0 	 0.200 	 11
334 	 0.0 	 0.180 	 31
335 	 0.0 	 0.200 	 36
336 	 1.0 	 0.070 	 9
337 	 0.0 	 0.020 	 18
338 	 0.0 	 0.030 	 31
339 	 0.0 	 0.170 	 29
340 	 0.0 	 0.180 	 29
341 	 0.0 	 0.130 	 25
342 	 1.0 	 0.060 	 18
343 	 1.0 	 0.200 	 9
344 	 0.0 	 0.030 	 32
345 	 0.0 	 0.010 	 36
346 	 0.0 	 0.190 	 32
347 	 0.0 	 0.120 	 15
348 	 1.0 	 0.140 	 10
349 	 0.0 	 0.010 	 36
350 	 0.0 	 0.200 	 23
351 	 0.0 	 0.150 	 16
352 	 0.0 	 0.030 	 21
353 	 0.0 	 0.040 	 18
354 	 1.0 	 0.070 	 11
355 	 0.0 	 0.020 	 34
356 	 0.0 	 0.040 	 18
357 	 0.0 	 0.120 	 17
358 	 0.0 	 0.160 	 22
359 	 0.0 	 0.040 	 22
360 	 0.0 	 0.100 	 15
361 	 0.0 	 0.090 	 33
362 	 0.0 	 0.030 	 22
363 	 0.0 	 0.100 	 32
364 	 0.0 	 0.090 	 16
365 	 0.0 	 0.120 	 22
366 	 0.0 	 0.090 	 18
367 	 0.0 	 0.200 	 27
368 	 0.0 	 0.150 	 16
369 	 0.0 	 0.050 	 29
370 	 0.0 	 0.150 	 14
371 	 1.0 	 0.060 	 17
372 	 0.0 	 0.170 	 32
373 	 0.0 	 0.130 	 30
374 	 0.0 	 0.120 	 23
375 	 0.0 	 0.050 	 23
376 	 0.0 	 0.040 	 25
377 	 0.0 	 0.010 	 18
378 	 0.0 	 0.020 	 34
379 	 0.0 	 0.040 	 30
380 	 0.0 	 0.010 	 30
381 	 1.0 	 0.150 	 15
382 	 0.0 	 0.100 	 29
383 	 0.0 	 0.130 	 17
384 	 0.0 	 0.040 	 36
385 	 0.0 	 0.160 	 23
386 	 0.0 	 0.100 	 27
387 	 0.0 	 0.090 	 27
388 	 1.0 	 0.180 	 11
389 	 1.0 	 0.080 	 14
390 	 0.0 	 0.160 	 29
391 	 0.0 	 0.150 	 25
392 	 1.0 	 0.120 	 10
393 	 1.0 	 0.190 	 10
394 	 0.0 	 0.180 	 18
395 	 0.0 	 0.060 	 33
396 	 0.0 	 0.070 	 22
397 	 0.0 	 0.010 	 36
398 	 0.0 	 0.160 	 29
399 	 0.0 	 0.030 	 36
400 	 1.0 	 0.140 	 0
401 	 1.0 	 0.170 	 9
402 	 -0.0 	 0.110 	 24
403 	 -0.0 	 0.050 	 14
404 	 -0.0 	 0.100 	 32
405 	 -0.0 	 0.130 	 27
406 	 -0.0 	 0.070 	 26
407 	 -0.0 	 0.170 	 20
408 	 1.0 	 0.080 	 11
409 	 -0.0 	 0.100 	 11
410 	 -0.0 	 0.050 	 18
411 	 1.0 	 0.200 	 8
412 	 0.0 	 0.030 	 24
413 	 -0.0 	 0.090 	 12
414 	 1.0 	 0.130 	 7
415 	 1.0 	 0.030 	 7
416 	 -0.0 	 0.190 	 13
417 	 -0.0 	 0.010 	 22
418 	 -0.0 	 0.100 	 23
419 	 1.0 	 0.070 	 17
420 	 -0.0 	 0.170 	 24
421 	 -0.0 	 0.110 	 32
422 	 -0.0 	 0.180 	 33
423 	 -0.0 	 0.160 	 29
424 	 -0.0 	 0.110 	 22
425 	 -0.0 	 0.020 	 14
426 	 -0.0 	 0.120 	 31
427 	 -0.0 	 0.070 	 35
428 	 -0.0 	 0.010 	 22
429 	 -0.0 	 0.070 	 19
430 	 -0.0 	 0.010 	 25
431 	 -0.0 	 0.180 	 28
432 	 -0.0 	 0.150 	 26
433 	 -0.0 	 0.170 	 25
434 	 1.0 	 0.060 	 14
435 	 1.0 	 0.140 	 16
436 	 -0.0 	 0.010 	 25
437 	 -0.0 	 0.030 	 28
438 	 -0.0 	 0.200 	 29
439 	 -0.0 	 0.020 	 19
440 	 -0.0 	 0.130 	 36
441 	 -0.0 	 0.110 	 27
442 	 -0.0 	 0.150 	 19
443 	 -0.0 	 0.130 	 16
444 	 -0.0 	 0.090 	 25
445 	 -0.0 	 0.060 	 29
446 	 -0.0 	 0.050 	 33
447 	 -0.0 	 0.130 	 24
448 	 -0.0 	 0.110 	 21
449 	 -0.0 	 0.140 	 19
450 	 0.0 	 0.030 	 23
451 	 -0.0 	 0.160 	 33
452 	 -0.0 	 0.100 	 31
453 	 1.0 	 0.050 	 10
454 	 -0.0 	 0.160 	 27
455 	 -0.0 	 0.040 	 36
456 	 0.0 	 0.110 	 20
457 	 -0.0 	 0.020 	 23
458 	 1.0 	 0.030 	 10
459 	 -0.0 	 0.030 	 25
460 	 1.0 	 0.010 	 14
461 	 -0.0 	 0.050 	 32
462 	 1.0 	 0.200 	 7
463 	 1.0 	 0.140 	 12
464 	 1.0 	 0.140 	 8
465 	 1.0 	 0.040 	 8
466 	 -0.0 	 0.010 	 30
467 	 -0.0 	 0.120 	 20
468 	 1.0 	 0.090 	 13
469 	 -0.0 	 0.030 	 31
470 	 1.0 	 0.100 	 11
471 	 1.0 	 0.100 	 11
472 	 -0.0 	 0.010 	 30
473 	 -0.0 	 0.040 	 18
474 	 -0.0 	 0.020 	 33
475 	 1.0 	 0.200 	 9
476 	 -0.0 	 0.130 	 15
477 	 -0.0 	 0.010 	 28
478 	 -0.0 	 0.060 	 16
479 	 -0.0 	 0.030 	 23
480 	 -0.0 	 0.110 	 34
481 	 -0.0 	 0.200 	 34
482 	 -0.0 	 0.170 	 14
483 	 -0.0 	 0.080 	 36
484 	 -0.0 	 0.100 	 19
485 	 1.0 	 0.150 	 7
486 	 -0.0 	 0.120 	 30
487 	 -0.0 	 0.180 	 30
488 	 1.0 	 0.020 	 9
489 	 -0.0 	 0.080 	 19
490 	 -0.0 	 0.010 	 25
491 	 -0.0 	 0.010 	 24
492 	 -0.0 	 0.110 	 27
493 	 -0.0 	 0.090 	 24
494 	 -0.0 	 0.150 	 23
495 	 -0.0 	 0.060 	 36
496 	 -0.0 	 0.030 	 16
497 	 -0.0 	 0.110 	 17
498 	 -0.0 	 0.070 	 22
499 	 1.0 	 0.170 	 13
500 	 1.0 	 0.010 	 11
501 	 -0.0 	 0.080 	 16
502 	 -0.0 	 0.120 	 27
503 	 -0.0 	 0.010 	 24
504 	 0.0 	 0.100 	 35
505 	 -0.0 	 0.020 	 31
506 	 -0.0 	 0.170 	 21
507 	 -0.0 	 0.070 	 27
508 	 1.0 	 0.160 	 14
509 	 -0.0 	 0.020 	 19
510 	 -0.0 	 0.150 	 26
511 	 -0.0 	 0.140 	 25
512 	 -0.0 	 0.200 	 33
513 	 -0.0 	 0.190 	 14
514 	 1.0 	 0.010 	 8
515 	 1.0 	 0.040 	 12
516 	 -0.0 	 0.180 	 26
517 	 -0.0 	 0.120 	 25
518 	 -0.0 	 0.110 	 27
519 	 -0.0 	 0.120 	 21
520 	 -0.0 	 0.040 	 25
521 	 -0.0 	 0.100 	 28
522 	 -0.0 	 0.070 	 19
523 	 -0.0 	 0.150 	 34
524 	 -0.0 	 0.190 	 26
525 	 1.0 	 0.080 	 13
526 	 -0.0 	 0.070 	 27
527 	 -0.0 	 0.080 	 21
528 	 -0.0 	 0.180 	 23
529 	 -0.0 	 0.110 	 15
530 	 -0.0 	 0.180 	 20
531 	 -0.0 	 0.160 	 17
532 	 -0.0 	 0.150 	 35
533 	 -0.0 	 0.070 	 18
534 	 0.0 	 0.010 	 34
535 	 -0.0 	 0.140 	 21
536 	 1.0 	 0.200 	 10
537 	 -0.0 	 0.010 	 30
538 	 1.0 	 0.090 	 7
539 	 -0.0 	 0.050 	 24
540 	 -0.0 	 0.170 	 30
541 	 1.0 	 0.130 	 14
542 	 -0.0 	 0.050 	 27
543 	 -0.0 	 0.200 	 24
544 	 -0.0 	 0.040 	 31
545 	 -0.0 	 0.040 	 36
546 	 1.0 	 0.070 	 13
547 	 -0.0 	 0.030 	 31
548 	 -0.0 	 0.180 	 26
549 	 -0.0 	 0.080 	 29
550 	 1.0 	 0.100 	 14
551 	 -0.0 	 0.100 	 26
552 	 -0.0 	 0.110 	 13
553 	 1.0 	 0.190 	 16
554 	 -0.0 	 0.020 	 30
555 	 -0.0 	 0.150 	 19
556 	 1.0 	 0.200 	 10
557 	 -0.0 	 0.120 	 22
558 	 1.0 	 0.060 	 11
559 	 -0.0 	 0.190 	 28
560 	 1.0 	 0.120 	 18
561 	 -0.0 	 0.200 	 22
562 	 -0.0 	 0.040 	 25
563 	 -0.0 	 0.160 	 28
564 	 -0.0 	 0.010 	 21
565 	 -0.0 	 0.170 	 32
566 	 -0.0 	 0.140 	 20
567 	 -0.0 	 0.050 	 27
568 	 -0.0 	 0.050 	 20
569 	 -0.0 	 0.200 	 35
570 	 0.0 	 0.020 	 23
571 	 0.0 	 0.030 	 32
572 	 -0.0 	 0.100 	 21
573 	 -0.0 	 0.200 	 34
574 	 -0.0 	 0.160 	 32
575 	 1.0 	 0.170 	 9
576 	 -0.0 	 0.140 	 25
577 	 0.0 	 0.070 	 34
578 	 1.0 	 0.010 	 11
579 	 1.0 	 0.090 	 10
580 	 -0.0 	 0.100 	 13
581 	 1.0 	 0.050 	 8
582 	 -0.0 	 0.140 	 29
583 	 1.0 	 0.060 	 10
584 	 -0.0 	 0.200 	 25
585 	 -0.0 	 0.090 	 35
586 	 -0.0 	 0.120 	 27
587 	 -0.0 	 0.130 	 16
588 	 -0.0 	 0.090 	 22
589 	 0.0 	 0.060 	 27
590 	 -0.0 	 0.050 	 26
591 	 -0.0 	 0.200 	 34
592 	 1.0 	 0.120 	 11
593 	 -0.0 	 0.070 	 27
594 	 -0.0 	 0.100 	 36
595 	 -0.0 	 0.040 	 12
596 	 -0.0 	 0.160 	 34
597 	 -0.0 	 0.080 	 21
598 	 1.0 	 0.200 	 8
599 	 -0.0 	 0.040 	 35
600 	 -0.0 	 0.020 	 13
601 	 -0.0 	 0.020 	 16
602 	 -0.0 	 0.140 	 20
603 	 -0.0 	 0.040 	 29
604 	 -0.0 	 0.050 	 23
605 	 -0.0 	 0.020 	 35
606 	 -0.0 	 0.070 	 26
607 	 -0.0 	 0.040 	 29
608 	 1.0 	 0.030 	 9
609 	 1.0 	 0.100 	 14
610 	 -0.0 	 0.040 	 27
611 	 -0.0 	 0.050 	 16
612 	 -0.0 	 0.080 	 24
613 	 -0.0 	 0.120 	 26
614 	 -0.0 	 0.080 	 9
615 	 -0.0 	 0.030 	 32
616 	 -0.0 	 0.130 	 21
617 	 -0.0 	 0.100 	 15
618 	 1.0 	 0.150 	 8
619 	 -0.0 	 0.040 	 28
620 	 -0.0 	 0.040 	 19
621 	 -0.0 	 0.080 	 14
622 	 -0.0 	 0.020 	 30
623 	 -0.0 	 0.170 	 35
624 	 -0.0 	 0.060 	 13
625 	 -0.0 	 0.020 	 14
626 	 -0.0 	 0.010 	 27
627 	 -0.0 	 0.150 	 25
628 	 1.0 	 0.180 	 12
629 	 -0.0 	 0.190 	 32
630 	 -0.0 	 0.080 	 17
631 	 -0.0 	 0.100 	 19
632 	 -0.0 	 0.090 	 32
633 	 1.0 	 0.180 	 16
634 	 -0.0 	 0.010 	 36
635 	 -0.0 	 0.200 	 17
636 	 -0.0 	 0.200 	 34
637 	 1.0 	 0.060 	 12
638 	 -0.0 	 0.150 	 18
639 	 -0.0 	 0.160 	 25
640 	 -0.0 	 0.010 	 31
641 	 -0.0 	 0.180 	 36
642 	 -0.0 	 0.140 	 27
643 	 -0.0 	 0.140 	 31
644 	 -0.0 	 0.040 	 33
645 	 -0.0 	 0.070 	 26
646 	 -0.0 	 0.170 	 20
647 	 -0.0 	 0.140 	 31
648 	 -0.0 	 0.130 	 15
649 	 -0.0 	 0.140 	 24
650 	 0.0 	 0.070 	 30
651 	 -0.0 	 0.140 	 24
652 	 -0.0 	 0.020 	 10
653 	 -0.0 	 0.110 	 23
654 	 -0.0 	 0.170 	 20
655 	 1.0 	 0.140 	 14
656 	 1.0 	 0.140 	 9
657 	 -0.0 	 0.180 	 12
658 	 -0.0 	 0.180 	 33
659 	 -0.0 	 0.010 	 22
660 	 -0.0 	 0.150 	 17
661 	 -0.0 	 0.190 	 19
662 	 1.0 	 0.160 	 10
663 	 -0.0 	 0.200 	 36
664 	 -0.0 	 0.070 	 27
665 	 -0.0 	 0.130 	 30
666 	 -0.0 	 0.130 	 29
667 	 -0.0 	 0.170 	 15
668 	 -0.0 	 0.070 	 31
669 	 1.0 	 0.020 	 10
670 	 -0.0 	 0.130 	 14
671 	 -0.0 	 0.030 	 32
672 	 -0.0 	 0.040 	 24
673 	 -0.0 	 0.130 	 36
674 	 -0.0 	 0.060 	 17
675 	 -0.0 	 0.110 	 15
676 	 1.0 	 0.130 	 9
677 	 -0.0 	 0.100 	 24
678 	 -0.0 	 0.120 	 34
679 	 -0.0 	 0.140 	 15
680 	 -0.0 	 0.010 	 24
681 	 -0.0 	 0.070 	 22
682 	 -0.0 	 0.040 	 13
683 	 1.0 	 0.050 	 12
684 	 -0.0 	 0.020 	 17
685 	 -0.0 	 0.110 	 35
686 	 1.0 	 0.120 	 17
687 	 -0.0 	 0.170 	 12
688 	 -0.0 	 0.180 	 26
689 	 -0.0 	 0.010 	 26
690 	 1.0 	 0.180 	 13
691 	 0.0 	 0.060 	 22
692 	 -0.0 	 0.040 	 35
693 	 -0.0 	 0.160 	 17
694 	 -0.0 	 0.110 	 26
695 	 1.0 	 0.170 	 13
696 	 -0.0 	 0.120 	 8
697 	 -0.0 	 0.140 	 20
698 	 1.0 	 0.180 	 10
699 	 -0.0 	 0.020 	 20
700 	 -0.0 	 0.090 	 16
701 	 -0.0 	 0.110 	 28
702 	 -0.0 	 0.080 	 31
703 	 -0.0 	 0.160 	 35
704 	 -0.0 	 0.070 	 27
705 	 -0.0 	 0.070 	 24
706 	 -0.0 	 0.160 	 33
707 	 -0.0 	 0.190 	 25
708 	 -0.0 	 0.040 	 28
709 	 -0.0 	 0.160 	 27
710 	 1.0 	 0.130 	 23
711 	 -0.0 	 0.190 	 35
712 	 -0.0 	 0.130 	 36
713 	 1.0 	 0.180 	 23
714 	 0.0 	 0.060 	 31
715 	 -0.0 	 0.110 	 23
716 	 -0.0 	 0.020 	 24
717 	 -0.0 	 0.030 	 35
718 	 -0.0 	 0.060 	 32
719 	 -0.0 	 0.130 	 31
720 	 -0.0 	 0.070 	 31
721 	 -0.0 	 0.060 	 36
722 	 -0.0 	 0.010 	 33
723 	 1.0 	 0.160 	 25
724 	 -0.0 	 0.200 	 36
725 	 1.0 	 0.170 	 24
726 	 -0.0 	 0.120 	 34
727 	 -0.0 	 0.180 	 23
728 	 -0.0 	 0.140 	 32
729 	 1.0 	 0.080 	 24
730 	 -0.0 	 0.110 	 36
731 	 -0.0 	 0.120 	 31
732 	 -0.0 	 0.030 	 29
733 	 -0.0 	 0.010 	 34
734 	 -0.0 	 0.120 	 36
735 	 1.0 	 0.180 	 24
736 	 -0.0 	 0.050 	 25
737 	 -0.0 	 0.130 	 29
738 	 -0.0 	 0.060 	 25
739 	 1.0 	 0.170 	 26
740 	 -0.0 	 0.130 	 36
741 	 1.0 	 0.120 	 26
742 	 -0.0 	 0.090 	 27
743 	 -0.0 	 0.200 	 32
744 	 1.0 	 0.130 	 23
745 	 -0.0 	 0.150 	 30
746 	 -0.0 	 0.040 	 34
747 	 1.0 	 0.120 	 25
748 	 -0.0 	 0.140 	 36
749 	 1.0 	 0.040 	 24
750 	 -0.0 	 0.090 	 26
751 	 -0.0 	 0.020 	 29
752 	 -0.0 	 0.010 	 24
753 	 -0.0 	 0.140 	 35
754 	 -0.0 	 0.140 	 32
755 	 0.0 	 0.040 	 34
756 	 1.0 	 0.150 	 24
757 	 -0.0 	 0.130 	 29
758 	 0.0 	 0.020 	 29
759 	 -0.0 	 0.040 	 34
760 	 -0.0 	 0.130 	 36
761 	 1.0 	 0.080 	 26
762 	 -0.0 	 0.100 	 32
763 	 1.0 	 0.090 	 23
764 	 -0.0 	 0.040 	 33
765 	 -0.0 	 0.190 	 33
766 	 -0.0 	 0.040 	 31
767 	 -0.0 	 0.080 	 27
768 	 -0.0 	 0.160 	 33
769 	 -0.0 	 0.030 	 36
770 	 -0.0 	 0.180 	 25
771 	 -0.0 	 0.150 	 30
772 	 -0.0 	 0.120 	 34
773 	 -0.0 	 0.190 	 32
774 	 -0.0 	 0.130 	 34
775 	 -0.0 	 0.050 	 27
776 	 -0.0 	 0.120 	 32
777 	 -0.0 	 0.100 	 35
778 	 -0.0 	 0.030 	 33
779 	 1.0 	 0.180 	 28
780 	 -0.0 	 0.040 	 32
781 	 -0.0 	 0.170 	 33
782 	 -0.0 	 0.200 	 31
783 	 -0.0 	 0.030 	 28
784 	 -0.0 	 0.080 	 34
785 	 -0.0 	 0.100 	 36
786 	 1.0 	 0.150 	 25
787 	 1.0 	 0.150 	 25
788 	 -0.0 	 0.020 	 25
789 	 -0.0 	 0.040 	 35
790 	 -0.0 	 0.160 	 23
791 	 -0.0 	 0.010 	 32
792 	 1.0 	 0.190 	 25
793 	 -0.0 	 0.130 	 28
794 	 1.0 	 0.030 	 24
795 	 -0.0 	 0.090 	 30
796 	 0.0 	 0.070 	 31
797 	 -0.0 	 0.190 	 29
798 	 -0.0 	 0.010 	 24
799 	 -0.0 	 0.140 	 33
800 	 -0.0 	 0.140 	 30
801 	 -0.0 	 0.180 	 32
802 	 -0.0 	 0.060 	 29
803 	 -0.0 	 0.160 	 26
804 	 1.0 	 0.110 	 26
805 	 -0.0 	 0.130 	 27
806 	 1.0 	 0.170 	 24
807 	 -0.0 	 0.160 	 31
808 	 -0.0 	 0.200 	 28
809 	 0.0 	 0.030 	 36
810 	 -0.0 	 0.170 	 29
811 	 -0.0 	 0.110 	 30
812 	 -0.0 	 0.030 	 31
813 	 -0.0 	 0.170 	 33
814 	 -0.0 	 0.190 	 24
815 	 1.0 	 0.130 	 26
816 	 -0.0 	 0.110 	 34
817 	 -0.0 	 0.040 	 35
818 	 -0.0 	 0.130 	 34
819 	 -0.0 	 0.140 	 31
820 	 1.0 	 0.160 	 27
821 	 -0.0 	 0.150 	 29
822 	 -0.0 	 0.120 	 32
823 	 -0.0 	 0.020 	 28
824 	 -0.0 	 0.170 	 29
825 	 -0.0 	 0.080 	 26
826 	 -0.0 	 0.040 	 28
827 	 -0.0 	 0.110 	 24
828 	 -0.0 	 0.170 	 27
829 	 -0.0 	 0.060 	 25
830 	 -0.0 	 0.050 	 34
831 	 -0.0 	 0.090 	 30
832 	 -0.0 	 0.140 	 29
833 	 -0.0 	 0.110 	 31
834 	 -0.0 	 0.010 	 25
835 	 -0.0 	 0.030 	 23
836 	 -0.0 	 0.130 	 29
837 	 -0.0 	 0.070 	 31
838 	 -0.0 	 0.150 	 23
839 	 -0.0 	 0.190 	 28
840 	 0.0 	 0.100 	 32
841 	 -0.0 	 0.200 	 27
842 	 1.0 	 0.170 	 23
843 	 1.0 	 0.050 	 23
844 	 0.0 	 0.030 	 29
845 	 -0.0 	 0.100 	 30
846 	 -0.0 	 0.090 	 27
847 	 -0.0 	 0.080 	 27
848 	 -0.0 	 0.160 	 25
849 	 -0.0 	 0.170 	 30
850 	 -0.0 	 0.150 	 27
851 	 -0.0 	 0.010 	 34
852 	 -0.0 	 0.170 	 26
853 	 -0.0 	 0.150 	 28
854 	 0.0 	 0.110 	 36
855 	 -0.0 	 0.140 	 29
856 	 1.0 	 0.060 	 25
857 	 -0.0 	 0.040 	 29
858 	 -0.0 	 0.120 	 27
859 	 -0.0 	 0.200 	 29
860 	 -0.0 	 0.120 	 25
861 	 -0.0 	 0.040 	 29
862 	 1.0 	 0.180 	 25
863 	 -0.0 	 0.180 	 29
864 	 -0.0 	 0.150 	 28
865 	 1.0 	 0.010 	 25
866 	 1.0 	 0.010 	 24
867 	 -0.0 	 0.030 	 28
868 	 -0.0 	 0.040 	 34
869 	 -0.0 	 0.150 	 34
870 	 1.0 	 0.140 	 23
871 	 -0.0 	 0.150 	 28
872 	 -0.0 	 0.070 	 32
873 	 -0.0 	 0.020 	 33
874 	 1.0 	 0.190 	 23
875 	 -0.0 	 0.120 	 33
876 	 -0.0 	 0.070 	 28
877 	 -0.0 	 0.010 	 30
878 	 -0.0 	 0.090 	 24
879 	 -0.0 	 0.080 	 34
880 	 1.0 	 0.030 	 23
881 	 1.0 	 0.200 	 26
882 	 0.0 	 0.040 	 30
883 	 -0.0 	 0.140 	 24
884 	 1.0 	 0.050 	 28
885 	 -0.0 	 0.170 	 33
886 	 -0.0 	 0.050 	 31
887 	 -0.0 	 0.040 	 30
888 	 -0.0 	 0.170 	 36
889 	 1.0 	 0.030 	 23
890 	 1.0 	 0.180 	 26
891 	 -0.0 	 0.130 	 26
892 	 -0.0 	 0.140 	 30
893 	 -0.0 	 0.090 	 35
894 	 -0.0 	 0.060 	 25
895 	 -0.0 	 0.030 	 35
896 	 -0.0 	 0.110 	 34
897 	 -0.0 	 0.160 	 34
898 	 -0.0 	 0.200 	 35
899 	 1.0 	 0.030 	 25
900 	 -0.0 	 0.070 	 33
901 	 -0.0 	 0.150 	 21
902 	 -0.0 	 0.070 	 13
903 	 -0.0 	 0.020 	 19
904 	 -0.0 	 0.070 	 22
905 	 1.0 	 0.110 	 9
906 	 -0.0 	 0.020 	 20
907 	 -0.0 	 0.160 	 16
908 	 -0.0 	 0.110 	 18
909 	 -0.0 	 0.070 	 17
910 	 1.0 	 0.180 	 15
911 	 1.0 	 0.190 	 8
912 	 1.0 	 0.120 	 12
913 	 1.0 	 0.130 	 8
914 	 -0.0 	 0.170 	 10
915 	 -0.0 	 0.190 	 21
916 	 1.0 	 0.070 	 12
917 	 1.0 	 0.090 	 14
918 	 1.0 	 0.090 	 10
919 	 -0.0 	 0.200 	 21
920 	 1.0 	 0.010 	 15
921 	 -0.0 	 0.170 	 18
922 	 -0.0 	 0.070 	 11
923 	 -0.0 	 0.190 	 12
924 	 1.0 	 0.160 	 12
925 	 1.0 	 0.150 	 7
926 	 -0.0 	 0.160 	 16
927 	 -0.0 	 0.130 	 15
928 	 1.0 	 0.120 	 10
929 	 1.0 	 0.040 	 14
930 	 -0.0 	 0.060 	 18
931 	 -0.0 	 0.150 	 12
932 	 -0.0 	 0.180 	 15
933 	 1.0 	 0.020 	 11
934 	 1.0 	 0.030 	 13
935 	 -0.0 	 0.050 	 16
936 	 1.0 	 0.080 	 12
937 	 -0.0 	 0.130 	 21
938 	 1.0 	 0.190 	 13
939 	 -0.0 	 0.080 	 21
940 	 -0.0 	 0.040 	 20
941 	 -0.0 	 0.180 	 20
942 	 -0.0 	 0.010 	 18
943 	 -0.0 	 0.080 	 13
944 	 -0.0 	 0.070 	 22
945 	 -0.0 	 0.130 	 18
946 	 -0.0 	 0.100 	 21
947 	 1.0 	 0.180 	 7
948 	 1.0 	 0.120 	 12
949 	 -0.0 	 0.170 	 14
950 	 -0.0 	 0.080 	 21
951 	 -0.0 	 0.060 	 13
952 	 1.0 	 0.130 	 9
953 	 1.0 	 0.170 	 7
954 	 -0.0 	 0.170 	 9
955 	 -0.0 	 0.120 	 22
956 	 1.0 	 0.140 	 11
957 	 -0.0 	 0.010 	 22
958 	 -0.0 	 0.020 	 10
959 	 1.0 	 0.200 	 13
960 	 -0.0 	 0.010 	 12
961 	 -0.0 	 0.040 	 13
962 	 -0.0 	 0.190 	 16
963 	 1.0 	 0.100 	 11
964 	 -0.0 	 0.140 	 20
965 	 -0.0 	 0.160 	 18
966 	 1.0 	 0.160 	 9
967 	 1.0 	 0.070 	 13
968 	 -0.0 	 0.160 	 22
969 	 1.0 	 0.200 	 10
970 	 -0.0 	 0.170 	 22
971 	 -0.0 	 0.120 	 16
972 	 -0.0 	 0.200 	 22
973 	 -0.0 	 0.140 	 19
974 	 -0.0 	 0.060 	 13
975 	 1.0 	 0.140 	 7
976 	 -0.0 	 0.040 	 18
977 	 -0.0 	 0.020 	 20
978 	 -0.0 	 0.100 	 22
979 	 -0.0 	 0.140 	 22
980 	 -0.0 	 0.150 	 18
981 	 -0.0 	 0.130 	 18
982 	 1.0 	 0.010 	 7
983 	 1.0 	 0.190 	 12
984 	 1.0 	 0.030 	 13
985 	 -0.0 	 0.120 	 19
986 	 -0.0 	 0.200 	 14
987 	 1.0 	 0.090 	 7
988 	 -0.0 	 0.010 	 22
989 	 -0.0 	 0.090 	 21
990 	 1.0 	 0.160 	 9
991 	 -0.0 	 0.120 	 18
992 	 1.0 	 0.030 	 16
993 	 1.0 	 0.090 	 7
994 	 1.0 	 0.130 	 15
995 	 -0.0 	 0.050 	 14
996 	 -0.0 	 0.040 	 14
997 	 -0.0 	 0.160 	 12
998 	 -0.0 	 0.030 	 11
999 	 -0.0 	 0.020 	 18
1000 	 1.0 	 0.110 	 11
1001 	 -0.0 	 0.070 	 17
1002 	 -0.0 	 0.180 	 21
1003 	 1.0 	 0.140 	 13
1004 	 1.0 	 0.110 	 11
1005 	 1.0 	 0.170 	 9
1006 	 1.0 	 0.030 	 10
1007 	 -0.0 	 0.180 	 12
1008 	 -0.0 	 0.130 	 22
1009 	 -0.0 	 0.150 	 19
1010 	 1.0 	 0.130 	 7
1011 	 1.0 	 0.060 	 12
1012 	 -0.0 	 0.120 	 14
1013 	 -0.0 	 0.050 	 22
1014 	 1.0 	 0.200 	 7
1015 	 -0.0 	 0.100 	 17
1016 	 -0.0 	 0.020 	 20
1017 	 -0.0 	 0.120 	 13
1018 	 -0.0 	 0.140 	 17
1019 	 -0.0 	 0.050 	 9
1020 	 -0.0 	 0.090 	 12
1021 	 1.0 	 0.150 	 7
1022 	 1.0 	 0.170 	 16
1023 	 -0.0 	 0.120 	 12
1024 	 1.0 	 0.200 	 8
1025 	 1.0 	 0.180 	 10
1026 	 -0.0 	 0.040 	 18
1027 	 -0.0 	 0.170 	 18
1028 	 -0.0 	 0.070 	 14
1029 	 1.0 	 0.050 	 10
1030 	 1.0 	 0.050 	 7
1031 	 -0.0 	 0.150 	 14
1032 	 0.0 	 0.050 	 21
1033 	 -0.0 	 0.170 	 9
1034 	 -0.0 	 0.160 	 17
1035 	 1.0 	 0.140 	 15
1036 	 0.0 	 0.200 	 13
1037 	 -0.0 	 0.160 	 18
1038 	 -0.0 	 0.110 	 16
1039 	 -0.0 	 0.080 	 21
1040 	 -0.0 	 0.170 	 21
1041 	 1.0 	 0.080 	 14
1042 	 -0.0 	 0.170 	 18
1043 	 -0.0 	 0.070 	 21
1044 	 -0.0 	 0.080 	 11
1045 	 -0.0 	 0.150 	 15
1046 	 1.0 	 0.020 	 14
1047 	 -0.0 	 0.040 	 15
1048 	 -0.0 	 0.060 	 22
1049 	 1.0 	 0.100 	 14
1050 	 -0.0 	 0.190 	 14
1051 	 -0.0 	 0.020 	 17
1052 	 -0.0 	 0.080 	 22
1053 	 -0.0 	 0.130 	 20
1054 	 0.0 	 0.020 	 16
1055 	 -0.0 	 0.020 	 14
1056 	 1.0 	 0.090 	 15
1057 	 -0.0 	 0.180 	 21
1058 	 -0.0 	 0.040 	 21
1059 	 -0.0 	 0.190 	 20
1060 	 1.0 	 0.140 	 13
1061 	 -0.0 	 0.170 	 16
1062 	 -0.0 	 0.130 	 19
1063 	 -0.0 	 0.020 	 22
1064 	 -0.0 	 0.080 	 10
1065 	 -0.0 	 0.050 	 18
1066 	 -0.0 	 0.110 	 22
1067 	 1.0 	 0.150 	 9
1068 	 -0.0 	 0.130 	 22
1069 	 -0.0 	 0.190 	 22
1070 	 1.0 	 0.090 	 10
1071 	 1.0 	 0.120 	 16
1072 	 -0.0 	 0.170 	 21
1073 	 -0.0 	 0.130 	 19
1074 	 -0.0 	 0.170 	 21
1075 	 1.0 	 0.080 	 10
1076 	 1.0 	 0.180 	 13
1077 	 0.0 	 0.010 	 20
1078 	 -0.0 	 0.200 	 21
1079 	 -0.0 	 0.150 	 17
1080 	 1.0 	 0.070 	 8
1081 	 -0.0 	 0.140 	 15
1082 	 -0.0 	 0.120 	 22
1083 	 -0.0 	 0.160 	 20
1084 	 0.0 	 0.010 	 17
1085 	 1.0 	 0.080 	 8
1086 	 -0.0 	 0.180 	 18
1087 	 -0.0 	 0.120 	 21
1088 	 -0.0 	 0.200 	 17
1089 	 -0.0 	 0.070 	 22
1090 	 1.0 	 0.170 	 9
1091 	 1.0 	 0.040 	 12
1092 	 -0.0 	 0.100 	 19
1093 	 -0.0 	 0.130 	 17
1094 	 -0.0 	 0.150 	 9
1095 	 -0.0 	 0.080 	 22
1096 	 -0.0 	 0.100 	 13
1097 	 -0.0 	 0.050 	 18
1098 	 -0.0 	 0.010 	 21
1099 	 1.0 	 0.190 	 7
1100 	 -0.0 	 0.010 	 21
1101 	 1.0 	 0.010 	 14
1102 	 1.0 	 0.080 	 7
1103 	 1.0 	 0.200 	 7
1104 	 -0.0 	 0.190 	 18
1105 	 -0.0 	 0.050 	 13
1106 	 -0.0 	 0.060 	 18
1107 	 1.0 	 0.180 	 15
1108 	 1.0 	 0.110 	 11
1109 	 1.0 	 0.100 	 10
1110 	 -0.0 	 0.150 	 22
1111 	 -0.0 	 0.130 	 22
1112 	 -0.0 	 0.130 	 20
1113 	 1.0 	 0.120 	 17
1114 	 -0.0 	 0.060 	 21
1115 	 -0.0 	 0.010 	 20
1116 	 1.0 	 0.010 	 8
1117 	 1.0 	 0.170 	 12
1118 	 1.0 	 0.100 	 17
1119 	 1.0 	 0.100 	 8
1120 	 1.0 	 0.060 	 11
1121 	 -0.0 	 0.190 	 15
1122 	 -0.0 	 0.200 	 19
1123 	 1.0 	 0.110 	 8
1124 	 1.0 	 0.020 	 8
1125 	 -0.0 	 0.170 	 17
1126 	 1.0 	 0.130 	 11
1127 	 1.0 	 0.160 	 8
1128 	 -0.0 	 0.040 	 14
1129 	 1.0 	 0.040 	 8
1130 	 -0.0 	 0.100 	 11
1131 	 1.0 	 0.150 	 8
1132 	 -0.0 	 0.110 	 19
1133 	 1.0 	 0.190 	 13
1134 	 1.0 	 0.030 	 8
1135 	 1.0 	 0.130 	 12
1136 	 -0.0 	 0.030 	 15
1137 	 -0.0 	 0.200 	 22
1138 	 -0.0 	 0.130 	 8
1139 	 1.0 	 0.090 	 12
1140 	 -0.0 	 0.200 	 18
1141 	 -0.0 	 0.040 	 11
1142 	 1.0 	 0.120 	 12
1143 	 -0.0 	 0.140 	 21
1144 	 1.0 	 0.050 	 12
1145 	 1.0 	 0.090 	 7
1146 	 0.0 	 0.070 	 21
1147 	 1.0 	 0.070 	 7
1148 	 -0.0 	 0.190 	 14
1149 	 1.0 	 0.120 	 10
1150 	 -0.0 	 0.150 	 22
1151 	 -0.0 	 0.140 	 19
1152 	 -0.0 	 0.140 	 22
1153 	 -0.0 	 0.060 	 20
1154 	 -0.0 	 0.010 	 22
1155 	 1.0 	 0.200 	 13
1156 	 -0.0 	 0.120 	 16
1157 	 -0.0 	 0.190 	 16
1158 	 0.0 	 0.040 	 21
1159 	 1.0 	 0.180 	 12
1160 	 -0.0 	 0.150 	 13
1161 	 1.0 	 0.110 	 7
1162 	 -0.0 	 0.160 	 15
1163 	 -0.0 	 0.040 	 14
1164 	 -0.0 	 0.160 	 21
1165 	 -0.0 	 0.010 	 21
1166 	 1.0 	 0.200 	 9
1167 	 1.0 	 0.070 	 14
1168 	 1.0 	 0.110 	 8
1169 	 -0.0 	 0.060 	 14
1170 	 -0.0 	 0.020 	 17
1171 	 -0.0 	 0.200 	 16
1172 	 -0.0 	 0.100 	 22
1173 	 1.0 	 0.150 	 7
1174 	 -0.0 	 0.080 	 14
1175 	 -0.0 	 0.100 	 16
1176 	 -0.0 	 0.080 	 13
1177 	 -0.0 	 0.200 	 20
1178 	 1.0 	 0.080 	 13
1179 	 -0.0 	 0.150 	 17
1180 	 -0.0 	 0.190 	 20
1181 	 -0.0 	 0.030 	 17
1182 	 -0.0 	 0.170 	 12
1183 	 1.0 	 0.100 	 18
1184 	 1.0 	 0.030 	 7
1185 	 -0.0 	 0.020 	 12
1186 	 -0.0 	 0.200 	 14
1187 	 -0.0 	 0.030 	 20
1188 	 -0.0 	 0.100 	 14
1189 	 -0.0 	 0.110 	 20
1190 	 -0.0 	 0.020 	 13
1191 	 1.0 	 0.180 	 15
1192 	 -0.0 	 0.040 	 17
1193 	 -0.0 	 0.180 	 19
1194 	 -0.0 	 0.190 	 20
1195 	 -0.0 	 0.040 	 18
1196 	 1.0 	 0.060 	 10
1197 	 -0.0 	 0.130 	 15
1198 	 -0.0 	 0.200 	 19
1199 	 1.0 	 0.120 	 8
1200 	 -0.0 	 0.010 	 20
1201 	 -0.0 	 0.180 	 33
1202 	 -0.0 	 0.030 	 20
1203 	 -0.0 	 0.160 	 14
1204 	 -0.0 	 0.190 	 29
1205 	 -0.0 	 0.170 	 27
1206 	 -0.0 	 0.040 	 27
1207 	 -0.0 	 0.130 	 28
1208 	 -0.0 	 0.030 	 21
1209 	 -0.0 	 0.020 	 17
1210 	 1.0 	 0.170 	 16
1211 	 -0.0 	 0.080 	 18
1212 	 -0.0 	 0.120 	 34
1213 	 1.0 	 0.130 	 14
1214 	 -0.0 	 0.150 	 19
1215 	 1.0 	 0.150 	 15
1216 	 1.0 	 0.010 	 17
1217 	 1.0 	 0.070 	 17
1218 	 -0.0 	 0.160 	 20
1219 	 -0.0 	 0.110 	 18
1220 	 -0.0 	 0.040 	 30
1221 	 -0.0 	 0.180 	 36
1222 	 1.0 	 0.090 	 13
1223 	 -0.0 	 0.150 	 25
1224 	 -0.0 	 0.160 	 36
1225 	 -0.0 	 0.150 	 15
1226 	 -0.0 	 0.120 	 36
1227 	 -0.0 	 0.140 	 15
1228 	 -0.0 	 0.170 	 17
1229 	 -0.0 	 0.160 	 36
1230 	 -0.0 	 0.090 	 15
1231 	 -0.0 	 0.150 	 24
1232 	 1.0 	 0.160 	 13
1233 	 -0.0 	 0.080 	 23
1234 	 -0.0 	 0.140 	 31
1235 	 -0.0 	 0.190 	 17
1236 	 1.0 	 0.140 	 13
1237 	 -0.0 	 0.200 	 17
1238 	 -0.0 	 0.120 	 18
1239 	 -0.0 	 0.100 	 16
1240 	 1.0 	 0.030 	 14
1241 	 -0.0 	 0.050 	 14
1242 	 -0.0 	 0.030 	 36
1243 	 -0.0 	 0.130 	 35
1244 	 -0.0 	 0.130 	 30
1245 	 -0.0 	 0.110 	 35
1246 	 1.0 	 0.080 	 11
1247 	 1.0 	 0.080 	 11
1248 	 -0.0 	 0.130 	 27
1249 	 -0.0 	 0.060 	 18
1250 	 0.0 	 0.010 	 28
1251 	 -0.0 	 0.050 	 31
1252 	 -0.0 	 0.160 	 26
1253 	 -0.0 	 0.180 	 21
1254 	 -0.0 	 0.170 	 26
1255 	 -0.0 	 0.180 	 31
1256 	 -0.0 	 0.110 	 21
1257 	 -0.0 	 0.020 	 28
1258 	 -0.0 	 0.070 	 32
1259 	 -0.0 	 0.050 	 34
1260 	 -0.0 	 0.090 	 25
1261 	 1.0 	 0.070 	 13
1262 	 -0.0 	 0.150 	 17
1263 	 -0.0 	 0.190 	 16
1264 	 -0.0 	 0.130 	 15
1265 	 -0.0 	 0.130 	 21
1266 	 -0.0 	 0.130 	 21
1267 	 -0.0 	 0.150 	 34
1268 	 -0.0 	 0.080 	 27
1269 	 1.0 	 0.080 	 14
1270 	 -0.0 	 0.080 	 25
1271 	 -0.0 	 0.080 	 33
1272 	 -0.0 	 0.050 	 30
1273 	 -0.0 	 0.010 	 20
1274 	 -0.0 	 0.120 	 21
1275 	 -0.0 	 0.070 	 29
1276 	 -0.0 	 0.040 	 19
1277 	 -0.0 	 0.200 	 20
1278 	 -0.0 	 0.120 	 27
1279 	 -0.0 	 0.050 	 25
1280 	 1.0 	 0.010 	 14
1281 	 -0.0 	 0.060 	 17
1282 	 -0.0 	 0.060 	 12
1283 	 0.0 	 0.010 	 20
1284 	 -0.0 	 0.170 	 35
1285 	 -0.0 	 0.180 	 27
1286 	 -0.0 	 0.140 	 33
1287 	 -0.0 	 0.020 	 30
1288 	 -0.0 	 0.050 	 21
1289 	 -0.0 	 0.090 	 29
1290 	 -0.0 	 0.060 	 11
1291 	 -0.0 	 0.060 	 33
1292 	 -0.0 	 0.100 	 29
1293 	 -0.0 	 0.200 	 17
1294 	 -0.0 	 0.200 	 21
1295 	 -0.0 	 0.190 	 21
1296 	 1.0 	 0.120 	 14
1297 	 1.0 	 0.020 	 13
1298 	 -0.0 	 0.030 	 29
1299 	 -0.0 	 0.120 	 22
1300 	 -0.0 	 0.140 	 35
1301 	 -0.0 	 0.090 	 19
1302 	 -0.0 	 0.050 	 30
1303 	 -0.0 	 0.090 	 36
1304 	 -0.0 	 0.200 	 30
1305 	 -0.0 	 0.090 	 19
1306 	 -0.0 	 0.030 	 14
1307 	 0.0 	 0.080 	 20
1308 	 -0.0 	 0.060 	 33
1309 	 0.0 	 0.030 	 36
1310 	 -0.0 	 0.030 	 34
1311 	 -0.0 	 0.200 	 30
1312 	 -0.0 	 0.080 	 11
1313 	 -0.0 	 0.100 	 32
1314 	 0.0 	 0.050 	 32
1315 	 -0.0 	 0.120 	 34
1316 	 -0.0 	 0.040 	 36
1317 	 -0.0 	 0.050 	 20
1318 	 -0.0 	 0.170 	 19
1319 	 -0.0 	 0.200 	 24
1320 	 -0.0 	 0.200 	 18
1321 	 -0.0 	 0.080 	 30
1322 	 -0.0 	 0.190 	 36
1323 	 -0.0 	 0.060 	 30
1324 	 -0.0 	 0.140 	 28
1325 	 -0.0 	 0.120 	 25
1326 	 -0.0 	 0.180 	 22
1327 	 -0.0 	 0.060 	 27
1328 	 0.0 	 0.080 	 29
1329 	 -0.0 	 0.020 	 35
1330 	 -0.0 	 0.130 	 36
1331 	 -0.0 	 0.180 	 13
1332 	 1.0 	 0.120 	 11
1333 	 -0.0 	 0.130 	 13
1334 	 -0.0 	 0.100 	 15
1335 	 -0.0 	 0.150 	 14
1336 	 -0.0 	 0.050 	 28
1337 	 -0.0 	 0.100 	 29
1338 	 -0.0 	 0.120 	 26
1339 	 0.0 	 0.070 	 24
1340 	 1.0 	 0.070 	 14
1341 	 -0.0 	 0.050 	 36
1342 	 -0.0 	 0.010 	 36
1343 	 -0.0 	 0.200 	 32
1344 	 -0.0 	 0.040 	 31
1345 	 -0.0 	 0.070 	 26
1346 	 -0.0 	 0.110 	 22
1347 	 -0.0 	 0.080 	 34
1348 	 -0.0 	 0.190 	 19
1349 	 -0.0 	 0.030 	 32
1350 	 -0.0 	 0.160 	 23
1351 	 -0.0 	 0.050 	 24
1352 	 -0.0 	 0.180 	 25
1353 	 -0.0 	 0.020 	 31
1354 	 -0.0 	 0.090 	 16
1355 	 -0.0 	 0.150 	 29
1356 	 -0.0 	 0.190 	 13
1357 	 -0.0 	 0.010 	 22
1358 	 0.0 	 0.010 	 16
1359 	 -0.0 	 0.090 	 24
1360 	 -0.0 	 0.130 	 17
1361 	 -0.0 	 0.120 	 18
1362 	 -0.0 	 0.060 	 33
1363 	 -0.0 	 0.150 	 20
1364 	 -0.0 	 0.160 	 24
1365 	 -0.0 	 0.070 	 24
1366 	 -0.0 	 0.140 	 36
1367 	 -0.0 	 0.080 	 32
1368 	 -0.0 	 0.180 	 31
1369 	 -0.0 	 0.010 	 35
1370 	 -0.0 	 0.180 	 11
1371 	 -0.0 	 0.060 	 27
1372 	 -0.0 	 0.170 	 17
1373 	 -0.0 	 0.010 	 12
1374 	 0.0 	 0.030 	 35
1375 	 1.0 	 0.200 	 13
1376 	 -0.0 	 0.150 	 27
1377 	 -0.0 	 0.020 	 19
1378 	 -0.0 	 0.040 	 17
1379 	 -0.0 	 0.050 	 35
1380 	 -0.0 	 0.140 	 28
1381 	 -0.0 	 0.010 	 24
1382 	 -0.0 	 0.200 	 15
1383 	 -0.0 	 0.060 	 25
1384 	 -0.0 	 0.130 	 20
1385 	 -0.0 	 0.010 	 28
1386 	 -0.0 	 0.020 	 34
1387 	 -0.0 	 0.110 	 29
1388 	 -0.0 	 0.150 	 22
1389 	 -0.0 	 0.070 	 34
1390 	 1.0 	 0.150 	 14
1391 	 -0.0 	 0.200 	 33
1392 	 -0.0 	 0.040 	 20
1393 	 -0.0 	 0.060 	 23
1394 	 -0.0 	 0.140 	 20
1395 	 -0.0 	 0.140 	 35
1396 	 -0.0 	 0.060 	 30
1397 	 -0.0 	 0.110 	 21
1398 	 -0.0 	 0.200 	 22
1399 	 -0.0 	 0.190 	 19
1400 	 -0.0 	 0.030 	 15
1401 	 1.0 	 0.110 	 13
1402 	 -0.0 	 0.170 	 36
1403 	 -0.0 	 0.010 	 20
1404 	 -0.0 	 0.190 	 27
1405 	 -0.0 	 0.080 	 22
1406 	 -0.0 	 0.020 	 17
1407 	 -0.0 	 0.050 	 21
1408 	 -0.0 	 0.010 	 12
1409 	 1.0 	 0.120 	 14
1410 	 -0.0 	 0.120 	 23
1411 	 -0.0 	 0.100 	 32
1412 	 -0.0 	 0.020 	 24
1413 	 -0.0 	 0.050 	 27
1414 	 1.0 	 0.020 	 13
1415 	 -0.0 	 0.130 	 16
1416 	 1.0 	 0.140 	 16
1417 	 1.0 	 0.140 	 12
1418 	 -0.0 	 0.150 	 33
1419 	 -0.0 	 0.070 	 23
1420 	 -0.0 	 0.080 	 31
1421 	 -0.0 	 0.200 	 26
1422 	 1.0 	 0.190 	 12
1423 	 0.0 	 0.020 	 34
1424 	 -0.0 	 0.140 	 26
1425 	 1.0 	 0.200 	 14
1426 	 -0.0 	 0.130 	 28
1427 	 -0.0 	 0.170 	 28
1428 	 -0.0 	 0.150 	 29
1429 	 -0.0 	 0.060 	 25
1430 	 0.0 	 0.010 	 21
1431 	 1.0 	 0.030 	 12
1432 	 1.0 	 0.180 	 12
1433 	 -0.0 	 0.200 	 23
1434 	 -0.0 	 0.070 	 22
1435 	 -0.0 	 0.140 	 20
1436 	 -0.0 	 0.090 	 22
1437 	 -0.0 	 0.040 	 35
1438 	 -0.0 	 0.160 	 14
1439 	 -0.0 	 0.060 	 15
1440 	 -0.0 	 0.190 	 26
1441 	 -0.0 	 0.160 	 22
1442 	 -0.0 	 0.100 	 28
1443 	 -0.0 	 0.170 	 30
1444 	 -0.0 	 0.050 	 35
1445 	 -0.0 	 0.150 	 35
1446 	 -0.0 	 0.170 	 18
1447 	 -0.0 	 0.180 	 30
1448 	 1.0 	 0.170 	 15
1449 	 -0.0 	 0.180 	 36
1450 	 0.0 	 0.080 	 25
1451 	 -0.0 	 0.010 	 12
1452 	 -0.0 	 0.160 	 18
1453 	 -0.0 	 0.050 	 28
1454 	 -0.0 	 0.070 	 16
1455 	 0.0 	 0.040 	 23
1456 	 -0.0 	 0.110 	 23
1457 	 1.0 	 0.160 	 13
1458 	 -0.0 	 0.080 	 17
1459 	 -0.0 	 0.070 	 18
1460 	 -0.0 	 0.010 	 16
1461 	 -0.0 	 0.200 	 31
1462 	 -0.0 	 0.190 	 12
1463 	 -0.0 	 0.200 	 21
1464 	 -0.0 	 0.100 	 11
1465 	 -0.0 	 0.200 	 36
1466 	 -0.0 	 0.190 	 15
1467 	 -0.0 	 0.100 	 34
1468 	 1.0 	 0.150 	 14
1469 	 -0.0 	 0.070 	 23
1470 	 1.0 	 0.140 	 15
1471 	 -0.0 	 0.070 	 28
1472 	 -0.0 	 0.060 	 27
1473 	 -0.0 	 0.150 	 33
1474 	 -0.0 	 0.130 	 36
1475 	 -0.0 	 0.020 	 26
1476 	 -0.0 	 0.170 	 32
1477 	 -0.0 	 0.180 	 22
1478 	 -0.0 	 0.140 	 25
1479 	 -0.0 	 0.030 	 33
1480 	 0.0 	 0.020 	 20
1481 	 0.0 	 0.080 	 27
1482 	 -0.0 	 0.160 	 20
1483 	 -0.0 	 0.100 	 21
1484 	 -0.0 	 0.190 	 18
1485 	 0.0 	 0.040 	 33
1486 	 -0.0 	 0.010 	 25
1487 	 -0.0 	 0.140 	 11
1488 	 -0.0 	 0.110 	 18
1489 	 -0.0 	 0.060 	 22
1490 	 -0.0 	 0.170 	 35
1491 	 -0.0 	 0.200 	 29
1492 	 1.0 	 0.190 	 14
1493 	 1.0 	 0.070 	 17
1494 	 -0.0 	 0.070 	 27
1495 	 -0.0 	 0.160 	 17
1496 	 1.0 	 0.060 	 15
1497 	 -0.0 	 0.190 	 27
1498 	 -0.0 	 0.100 	 28
1499 	 -0.0 	 0.150 	 18
1500 	 1.0 	 0.050 	 11
1501 	 -0.0 	 0.150 	 36
1502 	 -0.0 	 0.020 	 11
1503 	 -0.0 	 0.060 	 25
1504 	 -0.0 	 0.160 	 34
1505 	 -0.0 	 0.150 	 32
1506 	 -0.0 	 0.110 	 24
1507 	 -0.0 	 0.190 	 19
1508 	 -0.0 	 0.140 	 17
1509 	 -0.0 	 0.170 	 22
1510 	 1.0 	 0.170 	 12
1511 	 -0.0 	 0.120 	 27
1512 	 1.0 	 0.060 	 13
1513 	 -0.0 	 0.130 	 18
1514 	 1.0 	 0.060 	 13
1515 	 -0.0 	 0.090 	 13
1516 	 -0.0 	 0.030 	 20
1517 	 -0.0 	 0.170 	 25
1518 	 -0.0 	 0.040 	 32
1519 	 -0.0 	 0.190 	 30
1520 	 1.0 	 0.060 	 12
1521 	 -0.0 	 0.040 	 19
1522 	 0.0 	 0.120 	 19
1523 	 -0.0 	 0.020 	 18
1524 	 -0.0 	 0.060 	 18
1525 	 -0.0 	 0.170 	 22
1526 	 -0.0 	 0.110 	 24
1527 	 -0.0 	 0.130 	 12
1528 	 -0.0 	 0.040 	 14
1529 	 -0.0 	 0.130 	 18
1530 	 -0.0 	 0.200 	 28
1531 	 -0.0 	 0.200 	 34
1532 	 -0.0 	 0.070 	 13
1533 	 -0.0 	 0.060 	 27
1534 	 -0.0 	 0.010 	 18
1535 	 -0.0 	 0.070 	 11
1536 	 -0.0 	 0.090 	 15
1537 	 -0.0 	 0.030 	 25
1538 	 -0.0 	 0.020 	 30
1539 	 -0.0 	 0.030 	 23
1540 	 1.0 	 0.130 	 13
1541 	 -0.0 	 0.110 	 31
1542 	 -0.0 	 0.090 	 22
1543 	 -0.0 	 0.090 	 31
1544 	 -0.0 	 0.140 	 18
1545 	 -0.0 	 0.010 	 30
1546 	 -0.0 	 0.190 	 22
1547 	 -0.0 	 0.200 	 16
1548 	 -0.0 	 0.040 	 28
1549 	 -0.0 	 0.170 	 34
1550 	 1.0 	 0.120 	 13
1551 	 -0.0 	 0.170 	 26
1552 	 -0.0 	 0.070 	 23
1553 	 -0.0 	 0.010 	 33
1554 	 -0.0 	 0.050 	 24
1555 	 -0.0 	 0.020 	 23
1556 	 -0.0 	 0.170 	 34
1557 	 -0.0 	 0.030 	 18
1558 	 -0.0 	 0.170 	 35
1559 	 -0.0 	 0.040 	 24
1560 	 -0.0 	 0.190 	 17
1561 	 -0.0 	 0.170 	 29
1562 	 -0.0 	 0.110 	 26
1563 	 -0.0 	 0.110 	 24
1564 	 -0.0 	 0.050 	 35
1565 	 -0.0 	 0.180 	 30
1566 	 -0.0 	 0.040 	 31
1567 	 -0.0 	 0.090 	 26
1568 	 -0.0 	 0.100 	 17
1569 	 -0.0 	 0.170 	 26
1570 	 -0.0 	 0.190 	 27
1571 	 -0.0 	 0.190 	 36
1572 	 -0.0 	 0.200 	 26
1573 	 -0.0 	 0.030 	 31
1574 	 -0.0 	 0.090 	 30
1575 	 -0.0 	 0.090 	 16
1576 	 -0.0 	 0.080 	 13
1577 	 -0.0 	 0.090 	 25
1578 	 -0.0 	 0.060 	 34
1579 	 -0.0 	 0.070 	 16
1580 	 0.0 	 0.070 	 29
1581 	 -0.0 	 0.020 	 21
1582 	 -0.0 	 0.010 	 26
1583 	 0.0 	 0.070 	 22
1584 	 -0.0 	 0.110 	 20
1585 	 -0.0 	 0.160 	 14
1586 	 0.0 	 0.070 	 21
1587 	 -0.0 	 0.150 	 30
1588 	 -0.0 	 0.170 	 19
1589 	 0.0 	 0.020 	 28
1590 	 -0.0 	 0.180 	 20
1591 	 -0.0 	 0.110 	 25
1592 	 -0.0 	 0.110 	 32
1593 	 -0.0 	 0.040 	 24
1594 	 -0.0 	 0.190 	 34
1595 	 -0.0 	 0.080 	 18
1596 	 -0.0 	 0.050 	 31
1597 	 -0.0 	 0.140 	 33
1598 	 -0.0 	 0.110 	 17
1599 	 -0.0 	 0.070 	 11
1600 	 -0.0 	 0.100 	 34
1601 	 -0.0 	 0.160 	 27
1602 	 -0.0 	 0.080 	 18
1603 	 -0.0 	 0.070 	 19
1604 	 -0.0 	 0.160 	 27
1605 	 -0.0 	 0.100 	 17
1606 	 -0.0 	 0.010 	 12
1607 	 -0.0 	 0.120 	 34
1608 	 -0.0 	 0.160 	 29
1609 	 -0.0 	 0.010 	 14
1610 	 -0.0 	 0.170 	 29
1611 	 -0.0 	 0.110 	 25
1612 	 -0.0 	 0.160 	 28
1613 	 -0.0 	 0.030 	 18
1614 	 -0.0 	 0.170 	 28
1615 	 1.0 	 0.090 	 17
1616 	 -0.0 	 0.090 	 24
1617 	 -0.0 	 0.110 	 35
1618 	 1.0 	 0.100 	 13
1619 	 -0.0 	 0.030 	 29
1620 	 -0.0 	 0.110 	 36
1621 	 -0.0 	 0.130 	 35
1622 	 -0.0 	 0.140 	 24
1623 	 -0.0 	 0.010 	 21
1624 	 -0.0 	 0.190 	 30
1625 	 -0.0 	 0.100 	 20
1626 	 -0.0 	 0.110 	 21
1627 	 -0.0 	 0.160 	 25
1628 	 -0.0 	 0.200 	 15
1629 	 -0.0 	 0.200 	 17
1630 	 -0.0 	 0.100 	 24
1631 	 -0.0 	 0.160 	 34
1632 	 1.0 	 0.190 	 11
1633 	 -0.0 	 0.190 	 16
1634 	 -0.0 	 0.090 	 20
1635 	 1.0 	 0.050 	 16
1636 	 -0.0 	 0.130 	 26
1637 	 1.0 	 0.080 	 13
1638 	 -0.0 	 0.160 	 28
1639 	 0.0 	 0.050 	 36
1640 	 -0.0 	 0.090 	 29
1641 	 -0.0 	 0.040 	 34
1642 	 -0.0 	 0.060 	 35
1643 	 -0.0 	 0.110 	 23
1644 	 1.0 	 0.150 	 14
1645 	 -0.0 	 0.180 	 31
1646 	 -0.0 	 0.010 	 28
1647 	 -0.0 	 0.030 	 19
1648 	 -0.0 	 0.090 	 22
1649 	 -0.0 	 0.060 	 22
1650 	 1.0 	 0.070 	 16
1651 	 -0.0 	 0.180 	 32
1652 	 1.0 	 0.080 	 17
1653 	 1.0 	 0.200 	 14
1654 	 -0.0 	 0.170 	 30
1655 	 -0.0 	 0.100 	 35
1656 	 -0.0 	 0.160 	 28
1657 	 -0.0 	 0.110 	 21
1658 	 -0.0 	 0.010 	 19
1659 	 1.0 	 0.110 	 12
1660 	 -0.0 	 0.070 	 25
1661 	 -0.0 	 0.110 	 19
1662 	 -0.0 	 0.200 	 26
1663 	 -0.0 	 0.180 	 31
1664 	 -0.0 	 0.100 	 30
1665 	 -0.0 	 0.070 	 32
1666 	 -0.0 	 0.120 	 35
1667 	 0.0 	 0.100 	 31
1668 	 -0.0 	 0.080 	 22
1669 	 -0.0 	 0.180 	 29
1670 	 -0.0 	 0.190 	 18
1671 	 -0.0 	 0.170 	 31
1672 	 -0.0 	 0.030 	 11
1673 	 0.0 	 0.070 	 30
1674 	 -0.0 	 0.180 	 25
1675 	 -0.0 	 0.140 	 27
1676 	 -0.0 	 0.190 	 33
1677 	 -0.0 	 0.070 	 22
1678 	 -0.0 	 0.030 	 32
1679 	 -0.0 	 0.180 	 24
1680 	 -0.0 	 0.040 	 35
1681 	 -0.0 	 0.090 	 28
1682 	 -0.0 	 0.100 	 18
1683 	 -0.0 	 0.030 	 17
1684 	 -0.0 	 0.050 	 13
1685 	 1.0 	 0.050 	 17
1686 	 -0.0 	 0.010 	 18
1687 	 -0.0 	 0.090 	 23
1688 	 1.0 	 0.070 	 16
1689 	 1.0 	 0.040 	 11
1690 	 0.0 	 0.050 	 23
1691 	 1.0 	 0.140 	 13
1692 	 -0.0 	 0.120 	 28
1693 	 -0.0 	 0.120 	 27
1694 	 -0.0 	 0.120 	 16
1695 	 -0.0 	 0.060 	 17
1696 	 -0.0 	 0.100 	 32
1697 	 -0.0 	 0.110 	 33
1698 	 -0.0 	 0.170 	 24
1699 	 -0.0 	 0.140 	 23
1700 	 -0.0 	 0.100 	 29
1701 	 1.0 	 0.100 	 14
1702 	 -0.0 	 0.130 	 28
1703 	 -0.0 	 0.100 	 33
1704 	 -0.0 	 0.150 	 19
1705 	 -0.0 	 0.170 	 19
1706 	 -0.0 	 0.130 	 36
1707 	 -0.0 	 0.110 	 28
1708 	 -0.0 	 0.110 	 20
1709 	 -0.0 	 0.180 	 23
1710 	 1.0 	 0.190 	 15
1711 	 -0.0 	 0.020 	 20
1712 	 -0.0 	 0.110 	 34
1713 	 -0.0 	 0.050 	 26
1714 	 -0.0 	 0.120 	 36
1715 	 -0.0 	 0.120 	 14
1716 	 -0.0 	 0.140 	 28
1717 	 1.0 	 0.190 	 16
1718 	 -0.0 	 0.010 	 27
1719 	 -0.0 	 0.140 	 35
1720 	 -0.0 	 0.060 	 24
1721 	 -0.0 	 0.090 	 14
1722 	 -0.0 	 0.180 	 22
1723 	 0.0 	 0.070 	 19
1724 	 -0.0 	 0.090 	 27
1725 	 -0.0 	 0.180 	 15
1726 	 -0.0 	 0.060 	 17
1727 	 -0.0 	 0.070 	 32
1728 	 -0.0 	 0.060 	 27
1729 	 1.0 	 0.180 	 18
1730 	 -0.0 	 0.130 	 28
1731 	 -0.0 	 0.060 	 21
1732 	 -0.0 	 0.020 	 31
1733 	 -0.0 	 0.010 	 23
1734 	 -0.0 	 0.110 	 25
1735 	 -0.0 	 0.100 	 34
1736 	 -0.0 	 0.160 	 26
1737 	 -0.0 	 0.140 	 19
1738 	 -0.0 	 0.190 	 36
1739 	 -0.0 	 0.100 	 20
1740 	 -0.0 	 0.090 	 19
1741 	 -0.0 	 0.040 	 23
1742 	 -0.0 	 0.010 	 31
1743 	 -0.0 	 0.070 	 26
1744 	 0.0 	 0.110 	 23
1745 	 -0.0 	 0.150 	 28
1746 	 -0.0 	 0.060 	 16
1747 	 -0.0 	 0.050 	 34
1748 	 -0.0 	 0.100 	 30
1749 	 -0.0 	 0.160 	 33
1750 	 -0.0 	 0.120 	 23
1751 	 -0.0 	 0.120 	 36
1752 	 -0.0 	 0.170 	 23
1753 	 -0.0 	 0.170 	 30
1754 	 -0.0 	 0.030 	 19
1755 	 -0.0 	 0.200 	 34
1756 	 -0.0 	 0.120 	 20
1757 	 -0.0 	 0.170 	 36
1758 	 -0.0 	 0.150 	 23
1759 	 -0.0 	 0.020 	 33
1760 	 1.0 	 0.080 	 16
1761 	 -0.0 	 0.030 	 17
1762 	 -0.0 	 0.110 	 31
1763 	 -0.0 	 0.100 	 31
1764 	 -0.0 	 0.160 	 34
1765 	 0.0 	 0.050 	 29
1766 	 -0.0 	 0.150 	 27
1767 	 -0.0 	 0.080 	 26
1768 	 -0.0 	 0.080 	 32
1769 	 -0.0 	 0.150 	 14
1770 	 -0.0 	 0.190 	 23
1771 	 -0.0 	 0.180 	 16
1772 	 -0.0 	 0.150 	 29
1773 	 -0.0 	 0.190 	 30
1774 	 -0.0 	 0.120 	 36
1775 	 -0.0 	 0.170 	 22
1776 	 -0.0 	 0.120 	 22
1777 	 0.0 	 0.080 	 32
1778 	 -0.0 	 0.120 	 31
1779 	 -0.0 	 0.020 	 35
1780 	 -0.0 	 0.010 	 34
1781 	 -0.0 	 0.020 	 25
1782 	 0.0 	 0.080 	 33
1783 	 -0.0 	 0.200 	 34
1784 	 -0.0 	 0.140 	 20
1785 	 -0.0 	 0.170 	 34
1786 	 -0.0 	 0.140 	 32
1787 	 -0.0 	 0.120 	 32
1788 	 0.0 	 0.070 	 28
1789 	 1.0 	 0.120 	 16
1790 	 1.0 	 0.100 	 16
1791 	 1.0 	 0.130 	 17
1792 	 -0.0 	 0.110 	 35
1793 	 -0.0 	 0.190 	 32
1794 	 -0.0 	 0.130 	 24
1795 	 -0.0 	 0.010 	 36
1796 	 -0.0 	 0.040 	 32
1797 	 -0.0 	 0.100 	 19
1798 	 -0.0 	 0.040 	 29
1799 	 -0.0 	 0.050 	 28
1800 	 -0.0 	 0.080 	 17
1801 	 -0.0 	 0.010 	 20
1802 	 -0.0 	 0.090 	 33
1803 	 -0.0 	 0.100 	 21
1804 	 -0.0 	 0.140 	 17
1805 	 -0.0 	 0.010 	 18
1806 	 1.0 	 0.200 	 14
1807 	 -0.0 	 0.120 	 27
1808 	 -0.0 	 0.120 	 23
1809 	 -0.0 	 0.090 	 18
1810 	 -0.0 	 0.180 	 20
1811 	 -0.0 	 0.150 	 24
1812 	 -0.0 	 0.030 	 19
1813 	 1.0 	 0.130 	 21
1814 	 -0.0 	 0.200 	 28
1815 	 -0.0 	 0.060 	 32
1816 	 -0.0 	 0.040 	 19
1817 	 -0.0 	 0.110 	 29
1818 	 -0.0 	 0.190 	 18
1819 	 1.0 	 0.010 	 14
1820 	 -0.0 	 0.080 	 14
1821 	 -0.0 	 0.170 	 28
1822 	 -0.0 	 0.030 	 17
1823 	 -0.0 	 0.010 	 20
1824 	 -0.0 	 0.030 	 31
1825 	 -0.0 	 0.170 	 17
1826 	 -0.0 	 0.120 	 25
1827 	 1.0 	 0.040 	 15
1828 	 -0.0 	 0.170 	 21
1829 	 1.0 	 0.010 	 16
1830 	 1.0 	 0.010 	 18
1831 	 1.0 	 0.200 	 17
1832 	 -0.0 	 0.190 	 34
1833 	 -0.0 	 0.040 	 28
1834 	 -0.0 	 0.070 	 29
1835 	 -0.0 	 0.010 	 19
1836 	 -0.0 	 0.030 	 32
1837 	 0.0 	 0.090 	 33
1838 	 -0.0 	 0.200 	 29
1839 	 -0.0 	 0.080 	 25
1840 	 0.0 	 0.020 	 20
1841 	 -0.0 	 0.170 	 25
1842 	 -0.0 	 0.190 	 31
1843 	 -0.0 	 0.150 	 32
1844 	 -0.0 	 0.080 	 30
1845 	 -0.0 	 0.030 	 19
1846 	 -0.0 	 0.160 	 29
1847 	 -0.0 	 0.080 	 25
1848 	 -0.0 	 0.200 	 17
1849 	 -0.0 	 0.080 	 25
1850 	 -0.0 	 0.010 	 19
1851 	 -0.0 	 0.110 	 30
1852 	 -0.0 	 0.190 	 29
1853 	 0.0 	 0.020 	 36
1854 	 0.0 	 0.090 	 35
1855 	 -0.0 	 0.060 	 27
1856 	 0.0 	 0.080 	 32
1857 	 -0.0 	 0.060 	 25
1858 	 -0.0 	 0.140 	 31
1859 	 -0.0 	 0.110 	 24
1860 	 -0.0 	 0.170 	 35
1861 	 -0.0 	 0.050 	 31
1862 	 -0.0 	 0.120 	 30
1863 	 -0.0 	 0.160 	 31
1864 	 -0.0 	 0.100 	 22
1865 	 -0.0 	 0.080 	 19
1866 	 -0.0 	 0.020 	 15
1867 	 -0.0 	 0.060 	 16
1868 	 -0.0 	 0.200 	 18
1869 	 1.0 	 0.120 	 14
1870 	 -0.0 	 0.180 	 33
1871 	 -0.0 	 0.190 	 16
1872 	 -0.0 	 0.120 	 29
1873 	 0.0 	 0.060 	 32
1874 	 1.0 	 0.040 	 15
1875 	 -0.0 	 0.070 	 28
1876 	 -0.0 	 0.170 	 25
1877 	 -0.0 	 0.190 	 28
1878 	 -0.0 	 0.030 	 23
1879 	 -0.0 	 0.080 	 25
1880 	 -0.0 	 0.130 	 19
1881 	 -0.0 	 0.050 	 19
1882 	 -0.0 	 0.170 	 24
1883 	 -0.0 	 0.120 	 20
1884 	 -0.0 	 0.150 	 26
1885 	 -0.0 	 0.060 	 22
1886 	 -0.0 	 0.150 	 36
1887 	 -0.0 	 0.120 	 21
1888 	 1.0 	 0.070 	 17
1889 	 -0.0 	 0.020 	 35
1890 	 -0.0 	 0.030 	 33
1891 	 -0.0 	 0.160 	 23
1892 	 -0.0 	 0.140 	 29
1893 	 -0.0 	 0.130 	 21
1894 	 -0.0 	 0.020 	 20
1895 	 -0.0 	 0.050 	 31
1896 	 -0.0 	 0.050 	 15
1897 	 -0.0 	 0.050 	 35
1898 	 1.0 	 0.080 	 20
1899 	 -0.0 	 0.030 	 19
1900 	 -0.0 	 0.160 	 22
1901 	 -0.0 	 0.060 	 34
1902 	 -0.0 	 0.170 	 21
1903 	 -0.0 	 0.150 	 24
1904 	 1.0 	 0.090 	 17
1905 	 1.0 	 0.050 	 14
1906 	 -0.0 	 0.120 	 28
1907 	 -0.0 	 0.180 	 34
1908 	 0.0 	 0.020 	 34
1909 	 1.0 	 0.120 	 17
1910 	 -0.0 	 0.130 	 34
1911 	 1.0 	 0.050 	 20
1912 	 -0.0 	 0.190 	 28
1913 	 -0.0 	 0.140 	 32
1914 	 -0.0 	 0.030 	 20
1915 	 0.0 	 0.050 	 28
1916 	 -0.0 	 0.200 	 23
1917 	 -0.0 	 0.150 	 23
1918 	 -0.0 	 0.030 	 31
1919 	 -0.0 	 0.100 	 34
1920 	 -0.0 	 0.030 	 32
1921 	 -0.0 	 0.160 	 30
1922 	 -0.0 	 0.140 	 25
1923 	 -0.0 	 0.130 	 28
1924 	 -0.0 	 0.040 	 34
1925 	 -0.0 	 0.150 	 15
1926 	 -0.0 	 0.140 	 29
1927 	 -0.0 	 0.190 	 20
1928 	 -0.0 	 0.170 	 34
1929 	 -0.0 	 0.130 	 30
1930 	 -0.0 	 0.070 	 21
1931 	 1.0 	 0.100 	 17
1932 	 -0.0 	 0.060 	 18
1933 	 -0.0 	 0.170 	 30
1934 	 -0.0 	 0.100 	 36
1935 	 -0.0 	 0.120 	 21
1936 	 -0.0 	 0.160 	 34
1937 	 0.0 	 0.020 	 28
1938 	 -0.0 	 0.070 	 14
1939 	 -0.0 	 0.010 	 19
1940 	 -0.0 	 0.010 	 22
1941 	 -0.0 	 0.120 	 29
1942 	 1.0 	 0.110 	 15
1943 	 -0.0 	 0.120 	 23
1944 	 -0.0 	 0.200 	 32
1945 	 0.0 	 0.020 	 25
1946 	 -0.0 	 0.200 	 34
1947 	 1.0 	 0.110 	 20
1948 	 -0.0 	 0.050 	 24
1949 	 -0.0 	 0.050 	 19
1950 	 -0.0 	 0.150 	 27
1951 	 -0.0 	 0.130 	 30
1952 	 1.0 	 0.100 	 19
1953 	 -0.0 	 0.190 	 34
1954 	 -0.0 	 0.010 	 19
1955 	 1.0 	 0.180 	 14
1956 	 -0.0 	 0.090 	 17
1957 	 -0.0 	 0.090 	 24
1958 	 -0.0 	 0.120 	 31
1959 	 -0.0 	 0.140 	 26
1960 	 1.0 	 0.040 	 15
1961 	 -0.0 	 0.100 	 32
1962 	 1.0 	 0.110 	 14
1963 	 -0.0 	 0.080 	 25
1964 	 0.0 	 0.040 	 34
1965 	 -0.0 	 0.130 	 27
1966 	 -0.0 	 0.070 	 33
1967 	 0.0 	 0.110 	 31
1968 	 -0.0 	 0.150 	 19
1969 	 -0.0 	 0.050 	 22
1970 	 -0.0 	 0.080 	 23
1971 	 -0.0 	 0.130 	 30
1972 	 -0.0 	 0.200 	 33
1973 	 -0.0 	 0.060 	 30
1974 	 -0.0 	 0.160 	 32
1975 	 -0.0 	 0.130 	 25
1976 	 -0.0 	 0.140 	 30
1977 	 -0.0 	 0.160 	 25
1978 	 0.0 	 0.070 	 31
1979 	 1.0 	 0.130 	 18
1980 	 1.0 	 0.100 	 14
1981 	 -0.0 	 0.070 	 32
1982 	 -0.0 	 0.140 	 31
1983 	 -0.0 	 0.130 	 29
1984 	 -0.0 	 0.030 	 22
1985 	 -0.0 	 0.040 	 24
1986 	 -0.0 	 0.180 	 27
1987 	 1.0 	 0.020 	 14
1988 	 -0.0 	 0.150 	 23
1989 	 -0.0 	 0.040 	 19
1990 	 -0.0 	 0.050 	 21
1991 	 -0.0 	 0.100 	 27
1992 	 1.0 	 0.190 	 14
1993 	 -0.0 	 0.150 	 19
1994 	 -0.0 	 0.060 	 28
1995 	 1.0 	 0.180 	 14
1996 	 1.0 	 0.200 	 20
1997 	 1.0 	 0.150 	 14
1998 	 -0.0 	 0.180 	 14
1999 	 -0.0 	 0.200 	 33
2000 	 -0.0 	 0.080 	 34
