1 	 -0.0 	 0.180 	 21
2 	 -0.0 	 0.120 	 29
3 	 1.0 	 0.060 	 25
4 	 -0.0 	 0.120 	 26
5 	 -0.0 	 0.050 	 27
6 	 -0.0 	 0.120 	 35
7 	 -0.0 	 0.020 	 31
8 	 -0.0 	 0.160 	 25
9 	 -0.0 	 0.160 	 22
10 	 -0.0 	 0.200 	 24
11 	 -0.0 	 0.140 	 34
12 	 -0.0 	 0.130 	 26
13 	 -0.0 	 0.100 	 29
14 	 0.0 	 0.010 	 32
15 	 1.0 	 0.080 	 23
16 	 -0.0 	 0.050 	 28
17 	 -0.0 	 0.180 	 26
18 	 0.0 	 0.070 	 31
19 	 -0.0 	 0.170 	 24
20 	 0.0 	 0.180 	 35
21 	 0.0 	 0.070 	 36
22 	 -0.0 	 0.130 	 29
23 	 -0.0 	 0.150 	 32
24 	 1.0 	 0.050 	 28
25 	 -0.0 	 0.160 	 27
26 	 0.0 	 0.120 	 33
27 	 -0.0 	 0.160 	 24
28 	 1.0 	 0.030 	 26
29 	 -0.0 	 0.010 	 32
30 	 1.0 	 0.130 	 24
31 	 -0.0 	 0.050 	 27
32 	 -0.0 	 0.030 	 30
33 	 -0.0 	 0.170 	 32
34 	 -0.0 	 0.010 	 21
35 	 1.0 	 0.070 	 21
36 	 1.0 	 0.150 	 25
37 	 0.0 	 0.110 	 36
38 	 -0.0 	 0.190 	 21
39 	 0.0 	 0.170 	 34
40 	 1.0 	 0.180 	 25
41 	 -0.0 	 0.170 	 29
42 	 1.0 	 0.120 	 22
43 	 0.0 	 0.040 	 35
44 	 -0.0 	 0.170 	 26
45 	 1.0 	 0.100 	 23
46 	 0.0 	 0.070 	 36
47 	 0.0 	 0.120 	 34
48 	 -0.0 	 0.080 	 33
49 	 -0.0 	 0.170 	 34
50 	 -0.0 	 0.080 	 30
51 	 1.0 	 0.120 	 23
52 	 -0.0 	 0.120 	 34
53 	 0.0 	 0.130 	 34
54 	 -0.0 	 0.180 	 24
55 	 0.0 	 0.160 	 36
56 	 -0.0 	 0.140 	 34
57 	 -0.0 	 0.090 	 28
58 	 -0.0 	 0.180 	 36
59 	 1.0 	 0.030 	 27
60 	 0.0 	 0.100 	 31
61 	 -0.0 	 0.200 	 27
62 	 1.0 	 0.090 	 23
63 	 1.0 	 0.010 	 26
64 	 0.0 	 0.030 	 26
65 	 -0.0 	 0.180 	 36
66 	 0.0 	 0.120 	 29
67 	 -0.0 	 0.100 	 35
68 	 -0.0 	 0.130 	 26
69 	 1.0 	 0.170 	 24
70 	 1.0 	 0.060 	 25
71 	 0.0 	 0.010 	 36
72 	 -0.0 	 0.200 	 31
73 	 -0.0 	 0.130 	 27
74 	 -0.0 	 0.100 	 21
75 	 -0.0 	 0.010 	 22
76 	 -0.0 	 0.100 	 35
77 	 -0.0 	 0.050 	 26
78 	 -0.0 	 0.140 	 36
79 	 -0.0 	 0.170 	 22
80 	 -0.0 	 0.080 	 29
81 	 -0.0 	 0.080 	 33
82 	 0.0 	 0.170 	 32
83 	 0.0 	 0.150 	 36
84 	 -0.0 	 0.050 	 22
85 	 -0.0 	 0.120 	 24
86 	 0.0 	 0.050 	 31
87 	 -0.0 	 0.130 	 29
88 	 0.0 	 0.070 	 35
89 	 -0.0 	 0.180 	 30
90 	 0.0 	 0.010 	 32
91 	 -0.0 	 0.060 	 30
92 	 0.0 	 0.110 	 35
93 	 0.0 	 0.010 	 30
94 	 -0.0 	 0.170 	 27
95 	 1.0 	 0.020 	 22
96 	 0.0 	 0.030 	 33
97 	 -0.0 	 0.090 	 31
98 	 0.0 	 0.190 	 31
99 	 0.0 	 0.050 	 21
100 	 1.0 	 0.150 	 24
101 	 -0.0 	 0.040 	 23
102 	 1.0 	 0.180 	 26
103 	 0.0 	 0.120 	 26
104 	 1.0 	 0.030 	 21
105 	 -0.0 	 0.120 	 24
106 	 -0.0 	 0.140 	 24
107 	 0.0 	 0.080 	 33
108 	 -0.0 	 0.060 	 29
109 	 -0.0 	 0.080 	 36
110 	 1.0 	 0.190 	 25
111 	 -0.0 	 0.200 	 25
112 	 -0.0 	 0.090 	 26
113 	 -0.0 	 0.050 	 32
114 	 -0.0 	 0.170 	 29
115 	 -0.0 	 0.080 	 23
116 	 -0.0 	 0.020 	 32
117 	 0.0 	 0.110 	 29
118 	 -0.0 	 0.150 	 22
119 	 0.0 	 0.060 	 30
120 	 -0.0 	 0.200 	 22
121 	 1.0 	 0.010 	 23
122 	 -0.0 	 0.180 	 24
123 	 -0.0 	 0.200 	 25
124 	 1.0 	 0.190 	 22
125 	 0.0 	 0.080 	 27
126 	 -0.0 	 0.060 	 31
127 	 0.0 	 0.040 	 33
128 	 1.0 	 0.010 	 27
129 	 1.0 	 0.030 	 28
130 	 -0.0 	 0.030 	 35
131 	 0.0 	 0.100 	 32
132 	 -0.0 	 0.190 	 25
133 	 -0.0 	 0.200 	 36
134 	 -0.0 	 0.140 	 26
135 	 -0.0 	 0.160 	 24
136 	 -0.0 	 0.180 	 25
137 	 1.0 	 0.070 	 23
138 	 1.0 	 0.190 	 21
139 	 0.0 	 0.100 	 31
140 	 -0.0 	 0.100 	 22
141 	 0.0 	 0.030 	 33
142 	 1.0 	 0.140 	 22
143 	 0.0 	 0.050 	 30
144 	 -0.0 	 0.130 	 30
145 	 -0.0 	 0.070 	 25
146 	 -0.0 	 0.130 	 21
147 	 -0.0 	 0.050 	 23
148 	 0.0 	 0.010 	 36
149 	 0.0 	 0.080 	 35
150 	 -0.0 	 0.090 	 25
151 	 1.0 	 0.090 	 27
152 	 0.0 	 0.140 	 33
153 	 1.0 	 0.060 	 24
154 	 -0.0 	 0.030 	 31
155 	 -0.0 	 0.130 	 28
156 	 1.0 	 0.130 	 21
157 	 -0.0 	 0.080 	 29
158 	 -0.0 	 0.040 	 33
159 	 -0.0 	 0.020 	 32
160 	 -0.0 	 0.170 	 26
161 	 -0.0 	 0.200 	 24
162 	 -0.0 	 0.090 	 32
163 	 -0.0 	 0.080 	 34
164 	 -0.0 	 0.090 	 33
165 	 1.0 	 0.190 	 29
166 	 -0.0 	 0.140 	 35
167 	 -0.0 	 0.140 	 33
168 	 -0.0 	 0.010 	 30
169 	 -0.0 	 0.130 	 23
170 	 -0.0 	 0.150 	 29
171 	 0.0 	 0.030 	 31
172 	 -0.0 	 0.140 	 33
173 	 0.0 	 0.080 	 34
174 	 1.0 	 0.190 	 21
175 	 -0.0 	 0.060 	 26
176 	 -0.0 	 0.090 	 22
177 	 -0.0 	 0.020 	 24
178 	 -0.0 	 0.140 	 29
179 	 1.0 	 0.170 	 22
180 	 1.0 	 0.150 	 21
181 	 -0.0 	 0.010 	 29
182 	 -0.0 	 0.110 	 34
183 	 -0.0 	 0.070 	 27
184 	 -0.0 	 0.080 	 35
185 	 -0.0 	 0.110 	 31
186 	 -0.0 	 0.200 	 29
187 	 0.0 	 0.170 	 32
188 	 0.0 	 0.090 	 27
189 	 -0.0 	 0.170 	 34
190 	 1.0 	 0.090 	 24
191 	 0.0 	 0.100 	 31
192 	 -0.0 	 0.180 	 27
193 	 -0.0 	 0.020 	 32
194 	 -0.0 	 0.080 	 31
195 	 -0.0 	 0.140 	 30
196 	 -0.0 	 0.040 	 28
197 	 0.0 	 0.040 	 26
198 	 -0.0 	 0.150 	 23
199 	 -0.0 	 0.080 	 36
200 	 0.0 	 0.040 	 30
201 	 0.0 	 0.060 	 31
202 	 -0.0 	 0.150 	 27
203 	 0.0 	 0.070 	 30
204 	 -0.0 	 0.120 	 15
205 	 -0.0 	 0.170 	 24
206 	 -0.0 	 0.160 	 26
207 	 -0.0 	 0.150 	 17
208 	 1.0 	 0.020 	 11
209 	 0.0 	 0.080 	 29
210 	 0.0 	 0.020 	 31
211 	 -0.0 	 0.030 	 20
212 	 -0.0 	 0.060 	 21
213 	 0.0 	 0.140 	 32
214 	 -0.0 	 0.070 	 22
215 	 1.0 	 0.050 	 12
216 	 1.0 	 0.060 	 10
217 	 0.0 	 0.050 	 27
218 	 -0.0 	 0.180 	 33
219 	 -0.0 	 0.120 	 35
220 	 1.0 	 0.190 	 9
221 	 -0.0 	 0.090 	 29
222 	 -0.0 	 0.020 	 26
223 	 -0.0 	 0.140 	 20
224 	 -0.0 	 0.180 	 13
225 	 -0.0 	 0.140 	 29
226 	 -0.0 	 0.090 	 25
227 	 -0.0 	 0.030 	 14
228 	 1.0 	 0.190 	 14
229 	 1.0 	 0.030 	 18
230 	 0.0 	 0.110 	 21
231 	 0.0 	 0.040 	 29
232 	 -0.0 	 0.060 	 14
233 	 0.0 	 0.150 	 30
234 	 0.0 	 0.030 	 35
235 	 1.0 	 0.150 	 12
236 	 0.0 	 0.030 	 27
237 	 0.0 	 0.060 	 27
238 	 -0.0 	 0.170 	 33
239 	 -0.0 	 0.040 	 17
240 	 1.0 	 0.120 	 14
241 	 0.0 	 0.030 	 23
242 	 0.0 	 0.160 	 24
243 	 -0.0 	 0.180 	 33
244 	 0.0 	 0.140 	 32
245 	 1.0 	 0.150 	 16
246 	 0.0 	 0.080 	 33
247 	 -0.0 	 0.130 	 16
248 	 0.0 	 0.070 	 33
249 	 -0.0 	 0.120 	 27
250 	 -0.0 	 0.010 	 25
251 	 1.0 	 0.050 	 21
252 	 0.0 	 0.080 	 25
253 	 -0.0 	 0.100 	 19
254 	 1.0 	 0.110 	 11
255 	 1.0 	 0.180 	 13
256 	 0.0 	 0.130 	 28
257 	 -0.0 	 0.100 	 26
258 	 1.0 	 0.010 	 12
259 	 -0.0 	 0.070 	 32
260 	 -0.0 	 0.120 	 29
261 	 0.0 	 0.070 	 31
262 	 0.0 	 0.130 	 34
263 	 -0.0 	 0.120 	 14
264 	 0.0 	 0.020 	 28
265 	 1.0 	 0.110 	 9
266 	 -0.0 	 0.090 	 17
267 	 0.0 	 0.100 	 22
268 	 -0.0 	 0.010 	 34
269 	 0.0 	 0.130 	 28
270 	 1.0 	 0.040 	 10
271 	 1.0 	 0.140 	 12
272 	 1.0 	 0.120 	 16
273 	 1.0 	 0.150 	 10
274 	 -0.0 	 0.120 	 15
275 	 -0.0 	 0.140 	 24
276 	 1.0 	 0.200 	 11
277 	 0.0 	 0.130 	 35
278 	 1.0 	 0.020 	 9
279 	 0.0 	 0.200 	 33
280 	 0.0 	 0.040 	 24
281 	 0.0 	 0.020 	 24
282 	 -0.0 	 0.160 	 23
283 	 -0.0 	 0.120 	 17
284 	 0.0 	 0.040 	 30
285 	 -0.0 	 0.100 	 22
286 	 1.0 	 0.060 	 10
287 	 1.0 	 0.100 	 11
288 	 0.0 	 0.080 	 20
289 	 0.0 	 0.140 	 22
290 	 -0.0 	 0.120 	 9
291 	 1.0 	 0.190 	 18
292 	 -0.0 	 0.150 	 19
293 	 -0.0 	 0.070 	 34
294 	 -0.0 	 0.080 	 35
295 	 -0.0 	 0.130 	 36
296 	 -0.0 	 0.170 	 30
297 	 1.0 	 0.150 	 14
298 	 -0.0 	 0.140 	 28
299 	 0.0 	 0.060 	 30
300 	 -0.0 	 0.140 	 24
301 	 0.0 	 0.160 	 30
302 	 1.0 	 0.090 	 11
303 	 0.0 	 0.090 	 24
304 	 -0.0 	 0.190 	 18
305 	 0.0 	 0.070 	 32
306 	 0.0 	 0.120 	 18
307 	 0.0 	 0.020 	 33
308 	 0.0 	 0.140 	 33
309 	 -0.0 	 0.160 	 19
310 	 1.0 	 0.190 	 10
311 	 0.0 	 0.070 	 29
312 	 -0.0 	 0.080 	 21
313 	 -0.0 	 0.110 	 22
314 	 -0.0 	 0.060 	 36
315 	 0.0 	 0.200 	 21
316 	 0.0 	 0.130 	 12
317 	 0.0 	 0.200 	 23
318 	 0.0 	 0.090 	 32
319 	 -0.0 	 0.030 	 33
320 	 0.0 	 0.050 	 22
321 	 -0.0 	 0.020 	 30
322 	 -0.0 	 0.180 	 14
323 	 -0.0 	 0.140 	 13
324 	 1.0 	 0.140 	 17
325 	 -0.0 	 0.200 	 14
326 	 -0.0 	 0.030 	 36
327 	 -0.0 	 0.010 	 12
328 	 -0.0 	 0.140 	 27
329 	 1.0 	 0.150 	 9
330 	 -0.0 	 0.150 	 23
331 	 0.0 	 0.140 	 17
332 	 1.0 	 0.020 	 12
333 	 -0.0 	 0.140 	 13
334 	 -0.0 	 0.100 	 15
335 	 0.0 	 0.040 	 35
336 	 0.0 	 0.190 	 36
337 	 1.0 	 0.110 	 17
338 	 0.0 	 0.070 	 31
339 	 -0.0 	 0.030 	 24
340 	 0.0 	 0.140 	 32
341 	 0.0 	 0.060 	 25
342 	 0.0 	 0.170 	 29
343 	 0.0 	 0.020 	 28
344 	 -0.0 	 0.180 	 15
345 	 0.0 	 0.040 	 26
346 	 0.0 	 0.030 	 32
347 	 -0.0 	 0.160 	 34
348 	 0.0 	 0.150 	 35
349 	 0.0 	 0.120 	 20
350 	 -0.0 	 0.190 	 24
351 	 -0.0 	 0.180 	 16
352 	 -0.0 	 0.140 	 20
353 	 0.0 	 0.170 	 30
354 	 -0.0 	 0.010 	 25
355 	 0.0 	 0.150 	 30
356 	 0.0 	 0.090 	 31
357 	 -0.0 	 0.120 	 34
358 	 0.0 	 0.180 	 30
359 	 1.0 	 0.140 	 13
360 	 0.0 	 0.060 	 30
361 	 0.0 	 0.010 	 23
362 	 -0.0 	 0.050 	 23
363 	 0.0 	 0.080 	 30
364 	 -0.0 	 0.190 	 35
365 	 -0.0 	 0.070 	 15
366 	 0.0 	 0.170 	 34
367 	 -0.0 	 0.120 	 19
368 	 -0.0 	 0.120 	 31
369 	 -0.0 	 0.170 	 18
370 	 -0.0 	 0.160 	 28
371 	 -0.0 	 0.190 	 36
372 	 0.0 	 0.010 	 29
373 	 -0.0 	 0.150 	 19
374 	 -0.0 	 0.120 	 27
375 	 -0.0 	 0.090 	 21
376 	 0.0 	 0.080 	 29
377 	 -0.0 	 0.090 	 31
378 	 1.0 	 0.050 	 11
379 	 0.0 	 0.090 	 28
380 	 0.0 	 0.020 	 15
381 	 -0.0 	 0.170 	 17
382 	 0.0 	 0.090 	 14
383 	 -0.0 	 0.040 	 29
384 	 -0.0 	 0.160 	 24
385 	 -0.0 	 0.120 	 31
386 	 -0.0 	 0.130 	 30
387 	 1.0 	 0.040 	 13
388 	 -0.0 	 0.160 	 32
389 	 -0.0 	 0.010 	 16
390 	 1.0 	 0.080 	 9
391 	 0.0 	 0.100 	 18
392 	 -0.0 	 0.050 	 24
393 	 -0.0 	 0.140 	 28
394 	 0.0 	 0.080 	 36
395 	 1.0 	 0.060 	 13
396 	 -0.0 	 0.200 	 36
397 	 0.0 	 0.070 	 25
398 	 0.0 	 0.060 	 34
399 	 0.0 	 0.030 	 26
400 	 1.0 	 0.140 	 0
401 	 -0.0 	 0.110 	 30
402 	 1.0 	 0.170 	 11
403 	 -0.0 	 0.200 	 18
404 	 -0.0 	 0.170 	 32
405 	 0.0 	 0.020 	 23
406 	 -0.0 	 0.040 	 34
407 	 1.0 	 0.020 	 8
408 	 0.0 	 0.110 	 32
409 	 -0.0 	 0.020 	 25
410 	 -0.0 	 0.190 	 19
411 	 -0.0 	 0.020 	 14
412 	 -0.0 	 0.070 	 15
413 	 1.0 	 0.050 	 7
414 	 -0.0 	 0.120 	 31
415 	 1.0 	 0.030 	 13
416 	 0.0 	 0.120 	 26
417 	 -0.0 	 0.110 	 16
418 	 -0.0 	 0.080 	 14
419 	 0.0 	 0.050 	 36
420 	 0.0 	 0.160 	 28
421 	 0.0 	 0.130 	 26
422 	 -0.0 	 0.070 	 11
423 	 0.0 	 0.150 	 23
424 	 0.0 	 0.130 	 17
425 	 -0.0 	 0.170 	 33
426 	 0.0 	 0.050 	 25
427 	 -0.0 	 0.160 	 20
428 	 0.0 	 0.020 	 33
429 	 -0.0 	 0.020 	 24
430 	 0.0 	 0.180 	 35
431 	 0.0 	 0.070 	 18
432 	 -0.0 	 0.030 	 28
433 	 -0.0 	 0.050 	 17
434 	 -0.0 	 0.050 	 23
435 	 -0.0 	 0.150 	 17
436 	 -0.0 	 0.190 	 30
437 	 0.0 	 0.190 	 29
438 	 -0.0 	 0.060 	 12
439 	 1.0 	 0.200 	 15
440 	 0.0 	 0.090 	 23
441 	 0.0 	 0.130 	 31
442 	 0.0 	 0.120 	 26
443 	 -0.0 	 0.160 	 22
444 	 -0.0 	 0.170 	 13
445 	 -0.0 	 0.090 	 19
446 	 -0.0 	 0.150 	 20
447 	 -0.0 	 0.170 	 11
448 	 0.0 	 0.050 	 33
449 	 -0.0 	 0.080 	 20
450 	 0.0 	 0.200 	 33
451 	 -0.0 	 0.190 	 35
452 	 -0.0 	 0.150 	 23
453 	 0.0 	 0.130 	 27
454 	 0.0 	 0.140 	 23
455 	 0.0 	 0.020 	 26
456 	 -0.0 	 0.150 	 33
457 	 0.0 	 0.140 	 35
458 	 -0.0 	 0.080 	 35
459 	 1.0 	 0.110 	 10
460 	 -0.0 	 0.010 	 18
461 	 -0.0 	 0.190 	 25
462 	 -0.0 	 0.200 	 19
463 	 0.0 	 0.070 	 34
464 	 -0.0 	 0.040 	 35
465 	 1.0 	 0.100 	 7
466 	 -0.0 	 0.120 	 26
467 	 -0.0 	 0.040 	 33
468 	 -0.0 	 0.090 	 27
469 	 -0.0 	 0.190 	 31
470 	 0.0 	 0.130 	 18
471 	 -0.0 	 0.030 	 17
472 	 -0.0 	 0.160 	 20
473 	 -0.0 	 0.100 	 12
474 	 -0.0 	 0.120 	 20
475 	 0.0 	 0.120 	 34
476 	 0.0 	 0.110 	 23
477 	 0.0 	 0.150 	 20
478 	 -0.0 	 0.190 	 19
479 	 -0.0 	 0.050 	 19
480 	 -0.0 	 0.060 	 17
481 	 1.0 	 0.100 	 9
482 	 0.0 	 0.070 	 34
483 	 -0.0 	 0.090 	 28
484 	 -0.0 	 0.040 	 22
485 	 -0.0 	 0.170 	 32
486 	 -0.0 	 0.090 	 34
487 	 0.0 	 0.010 	 29
488 	 -0.0 	 0.020 	 27
489 	 -0.0 	 0.150 	 21
490 	 0.0 	 0.020 	 21
491 	 -0.0 	 0.200 	 36
492 	 -0.0 	 0.150 	 12
493 	 0.0 	 0.020 	 22
494 	 -0.0 	 0.200 	 34
495 	 -0.0 	 0.180 	 10
496 	 -0.0 	 0.090 	 34
497 	 0.0 	 0.070 	 36
498 	 1.0 	 0.070 	 8
499 	 -0.0 	 0.170 	 28
500 	 -0.0 	 0.160 	 16
501 	 0.0 	 0.200 	 34
502 	 -0.0 	 0.080 	 11
503 	 0.0 	 0.050 	 33
504 	 0.0 	 0.050 	 23
505 	 0.0 	 0.020 	 21
506 	 0.0 	 0.140 	 25
507 	 0.0 	 0.110 	 26
508 	 1.0 	 0.040 	 12
509 	 -0.0 	 0.020 	 11
510 	 -0.0 	 0.140 	 22
511 	 -0.0 	 0.060 	 35
512 	 0.0 	 0.130 	 33
513 	 -0.0 	 0.200 	 36
514 	 0.0 	 0.150 	 23
515 	 0.0 	 0.190 	 30
516 	 0.0 	 0.040 	 32
517 	 0.0 	 0.070 	 32
518 	 1.0 	 0.060 	 8
519 	 0.0 	 0.090 	 31
520 	 0.0 	 0.080 	 15
521 	 1.0 	 0.070 	 13
522 	 1.0 	 0.100 	 16
523 	 0.0 	 0.050 	 19
524 	 -0.0 	 0.170 	 12
525 	 -0.0 	 0.010 	 10
526 	 1.0 	 0.120 	 14
527 	 -0.0 	 0.190 	 10
528 	 1.0 	 0.110 	 8
529 	 1.0 	 0.070 	 10
530 	 0.0 	 0.200 	 19
531 	 1.0 	 0.130 	 11
532 	 -0.0 	 0.160 	 23
533 	 -0.0 	 0.180 	 23
534 	 -0.0 	 0.180 	 23
535 	 -0.0 	 0.120 	 11
536 	 0.0 	 0.030 	 23
537 	 1.0 	 0.090 	 11
538 	 -0.0 	 0.070 	 34
539 	 -0.0 	 0.180 	 14
540 	 1.0 	 0.170 	 8
541 	 1.0 	 0.190 	 11
542 	 0.0 	 0.060 	 33
543 	 -0.0 	 0.170 	 17
544 	 0.0 	 0.180 	 26
545 	 0.0 	 0.110 	 35
546 	 0.0 	 0.130 	 27
547 	 1.0 	 0.110 	 8
548 	 -0.0 	 0.010 	 15
549 	 -0.0 	 0.190 	 12
550 	 -0.0 	 0.140 	 13
551 	 -0.0 	 0.060 	 35
552 	 -0.0 	 0.130 	 31
553 	 1.0 	 0.090 	 8
554 	 -0.0 	 0.080 	 28
555 	 -0.0 	 0.200 	 36
556 	 1.0 	 0.020 	 8
557 	 1.0 	 0.070 	 11
558 	 -0.0 	 0.190 	 31
559 	 1.0 	 0.170 	 8
560 	 0.0 	 0.100 	 21
561 	 1.0 	 0.080 	 11
562 	 -0.0 	 0.180 	 18
563 	 0.0 	 0.110 	 25
564 	 -0.0 	 0.030 	 33
565 	 0.0 	 0.080 	 36
566 	 1.0 	 0.190 	 7
567 	 1.0 	 0.170 	 14
568 	 0.0 	 0.020 	 33
569 	 -0.0 	 0.010 	 28
570 	 1.0 	 0.100 	 7
571 	 0.0 	 0.100 	 21
572 	 -0.0 	 0.200 	 12
573 	 -0.0 	 0.180 	 12
574 	 -0.0 	 0.050 	 31
575 	 -0.0 	 0.130 	 21
576 	 0.0 	 0.010 	 33
577 	 1.0 	 0.070 	 16
578 	 -0.0 	 0.180 	 36
579 	 1.0 	 0.020 	 7
580 	 -0.0 	 0.140 	 32
581 	 1.0 	 0.090 	 15
582 	 1.0 	 0.010 	 11
583 	 -0.0 	 0.180 	 24
584 	 -0.0 	 0.040 	 26
585 	 0.0 	 0.110 	 20
586 	 -0.0 	 0.070 	 16
587 	 -0.0 	 0.190 	 21
588 	 -0.0 	 0.160 	 27
589 	 -0.0 	 0.160 	 20
590 	 0.0 	 0.140 	 27
591 	 0.0 	 0.040 	 27
592 	 -0.0 	 0.050 	 18
593 	 0.0 	 0.030 	 13
594 	 -0.0 	 0.010 	 12
595 	 -0.0 	 0.030 	 32
596 	 -0.0 	 0.200 	 32
597 	 -0.0 	 0.140 	 21
598 	 1.0 	 0.170 	 8
599 	 -0.0 	 0.200 	 36
600 	 -0.0 	 0.090 	 16
601 	 1.0 	 0.020 	 13
602 	 0.0 	 0.060 	 20
603 	 -0.0 	 0.180 	 27
604 	 0.0 	 0.090 	 22
605 	 -0.0 	 0.150 	 12
606 	 0.0 	 0.020 	 18
607 	 -0.0 	 0.160 	 35
608 	 0.0 	 0.070 	 32
609 	 0.0 	 0.090 	 33
610 	 -0.0 	 0.190 	 24
611 	 -0.0 	 0.140 	 18
612 	 0.0 	 0.050 	 22
613 	 -0.0 	 0.090 	 15
614 	 0.0 	 0.010 	 15
615 	 -0.0 	 0.020 	 18
616 	 0.0 	 0.040 	 31
617 	 1.0 	 0.050 	 15
618 	 -0.0 	 0.110 	 24
619 	 -0.0 	 0.050 	 17
620 	 1.0 	 0.200 	 7
621 	 -0.0 	 0.200 	 12
622 	 0.0 	 0.140 	 30
623 	 1.0 	 0.030 	 7
624 	 1.0 	 0.190 	 7
625 	 0.0 	 0.010 	 22
626 	 0.0 	 0.100 	 27
627 	 0.0 	 0.170 	 27
628 	 1.0 	 0.080 	 14
629 	 0.0 	 0.010 	 30
630 	 -0.0 	 0.170 	 8
631 	 1.0 	 0.090 	 12
632 	 -0.0 	 0.090 	 35
633 	 0.0 	 0.100 	 21
634 	 -0.0 	 0.120 	 35
635 	 0.0 	 0.170 	 34
636 	 -0.0 	 0.030 	 31
637 	 0.0 	 0.010 	 25
638 	 -0.0 	 0.110 	 27
639 	 0.0 	 0.130 	 36
640 	 0.0 	 0.140 	 16
641 	 -0.0 	 0.160 	 30
642 	 1.0 	 0.060 	 9
643 	 1.0 	 0.100 	 7
644 	 -0.0 	 0.190 	 28
645 	 0.0 	 0.140 	 26
646 	 0.0 	 0.010 	 23
647 	 1.0 	 0.050 	 8
648 	 0.0 	 0.050 	 27
649 	 -0.0 	 0.030 	 11
650 	 -0.0 	 0.080 	 36
651 	 1.0 	 0.030 	 7
652 	 0.0 	 0.190 	 30
653 	 -0.0 	 0.110 	 34
654 	 -0.0 	 0.170 	 22
655 	 0.0 	 0.160 	 29
656 	 0.0 	 0.150 	 33
657 	 0.0 	 0.070 	 36
658 	 -0.0 	 0.180 	 28
659 	 -0.0 	 0.110 	 18
660 	 -0.0 	 0.100 	 30
661 	 0.0 	 0.050 	 34
662 	 0.0 	 0.110 	 20
663 	 -0.0 	 0.140 	 29
664 	 -0.0 	 0.120 	 15
665 	 -0.0 	 0.050 	 25
666 	 0.0 	 0.190 	 24
667 	 1.0 	 0.140 	 12
668 	 -0.0 	 0.040 	 13
669 	 -0.0 	 0.130 	 36
670 	 -0.0 	 0.010 	 20
671 	 -0.0 	 0.050 	 31
672 	 0.0 	 0.020 	 19
673 	 -0.0 	 0.200 	 26
674 	 -0.0 	 0.060 	 11
675 	 0.0 	 0.150 	 21
676 	 -0.0 	 0.100 	 19
677 	 0.0 	 0.100 	 22
678 	 -0.0 	 0.070 	 33
679 	 0.0 	 0.080 	 26
680 	 0.0 	 0.100 	 18
681 	 -0.0 	 0.010 	 10
682 	 -0.0 	 0.180 	 23
683 	 0.0 	 0.020 	 35
684 	 -0.0 	 0.120 	 20
685 	 0.0 	 0.080 	 24
686 	 1.0 	 0.180 	 8
687 	 -0.0 	 0.030 	 18
688 	 0.0 	 0.020 	 13
689 	 0.0 	 0.130 	 26
690 	 1.0 	 0.120 	 10
691 	 -0.0 	 0.150 	 19
692 	 0.0 	 0.090 	 20
693 	 0.0 	 0.150 	 19
694 	 0.0 	 0.070 	 30
695 	 -0.0 	 0.150 	 29
696 	 -0.0 	 0.090 	 29
697 	 0.0 	 0.110 	 35
698 	 0.0 	 0.060 	 22
699 	 0.0 	 0.140 	 22
700 	 0.0 	 0.180 	 22
701 	 0.0 	 0.090 	 33
702 	 0.0 	 0.010 	 35
703 	 0.0 	 0.180 	 25
704 	 0.0 	 0.170 	 29
705 	 0.0 	 0.120 	 29
706 	 0.0 	 0.070 	 33
707 	 0.0 	 0.050 	 28
708 	 0.0 	 0.110 	 24
709 	 0.0 	 0.180 	 26
710 	 0.0 	 0.170 	 31
711 	 0.0 	 0.090 	 30
712 	 1.0 	 0.120 	 27
713 	 0.0 	 0.040 	 35
714 	 0.0 	 0.200 	 33
715 	 0.0 	 0.090 	 35
716 	 0.0 	 0.150 	 25
717 	 0.0 	 0.170 	 33
718 	 0.0 	 0.190 	 34
719 	 1.0 	 0.200 	 25
720 	 0.0 	 0.140 	 35
721 	 0.0 	 0.050 	 29
722 	 0.0 	 0.050 	 30
723 	 0.0 	 0.030 	 24
724 	 0.0 	 0.100 	 34
725 	 0.0 	 0.130 	 25
726 	 0.0 	 0.160 	 27
727 	 0.0 	 0.080 	 32
728 	 1.0 	 0.170 	 24
729 	 0.0 	 0.160 	 30
730 	 0.0 	 0.080 	 31
731 	 0.0 	 0.120 	 31
732 	 0.0 	 0.050 	 33
733 	 1.0 	 0.170 	 23
734 	 0.0 	 0.160 	 28
735 	 0.0 	 0.040 	 32
736 	 0.0 	 0.170 	 32
737 	 0.0 	 0.200 	 35
738 	 0.0 	 0.140 	 29
739 	 0.0 	 0.070 	 34
740 	 0.0 	 0.020 	 29
741 	 0.0 	 0.040 	 29
742 	 0.0 	 0.120 	 30
743 	 1.0 	 0.170 	 26
744 	 0.0 	 0.050 	 23
745 	 0.0 	 0.120 	 24
746 	 0.0 	 0.130 	 35
747 	 0.0 	 0.100 	 31
748 	 0.0 	 0.070 	 35
749 	 1.0 	 0.050 	 24
750 	 0.0 	 0.080 	 34
751 	 1.0 	 0.160 	 23
752 	 0.0 	 0.050 	 34
753 	 0.0 	 0.030 	 35
754 	 0.0 	 0.060 	 24
755 	 0.0 	 0.030 	 34
756 	 0.0 	 0.080 	 27
757 	 0.0 	 0.020 	 36
758 	 1.0 	 0.150 	 24
759 	 0.0 	 0.070 	 29
760 	 0.0 	 0.140 	 30
761 	 0.0 	 0.140 	 31
762 	 0.0 	 0.080 	 28
763 	 0.0 	 0.080 	 36
764 	 0.0 	 0.140 	 29
765 	 0.0 	 0.060 	 25
766 	 1.0 	 0.040 	 24
767 	 0.0 	 0.150 	 27
768 	 0.0 	 0.070 	 28
769 	 0.0 	 0.100 	 33
770 	 1.0 	 0.020 	 23
771 	 0.0 	 0.140 	 33
772 	 0.0 	 0.160 	 35
773 	 0.0 	 0.060 	 29
774 	 0.0 	 0.190 	 35
775 	 1.0 	 0.150 	 28
776 	 0.0 	 0.050 	 30
777 	 0.0 	 0.070 	 34
778 	 0.0 	 0.100 	 35
779 	 0.0 	 0.060 	 29
780 	 0.0 	 0.200 	 27
781 	 0.0 	 0.160 	 26
782 	 0.0 	 0.170 	 32
783 	 1.0 	 0.070 	 28
784 	 0.0 	 0.030 	 35
785 	 0.0 	 0.100 	 29
786 	 0.0 	 0.180 	 34
787 	 0.0 	 0.020 	 32
788 	 0.0 	 0.130 	 28
789 	 0.0 	 0.180 	 24
790 	 0.0 	 0.100 	 26
791 	 1.0 	 0.170 	 24
792 	 0.0 	 0.110 	 24
793 	 0.0 	 0.190 	 35
794 	 0.0 	 0.060 	 27
795 	 0.0 	 0.090 	 36
796 	 0.0 	 0.110 	 29
797 	 0.0 	 0.140 	 23
798 	 0.0 	 0.100 	 33
799 	 1.0 	 0.140 	 23
800 	 1.0 	 0.020 	 25
801 	 0.0 	 0.160 	 27
802 	 0.0 	 0.170 	 36
803 	 0.0 	 0.080 	 29
804 	 0.0 	 0.160 	 31
805 	 0.0 	 0.190 	 26
806 	 0.0 	 0.140 	 27
807 	 0.0 	 0.150 	 31
808 	 0.0 	 0.030 	 26
809 	 0.0 	 0.180 	 32
810 	 1.0 	 0.020 	 26
811 	 0.0 	 0.080 	 27
812 	 0.0 	 0.050 	 29
813 	 1.0 	 0.020 	 23
814 	 1.0 	 0.080 	 27
815 	 0.0 	 0.190 	 26
816 	 0.0 	 0.120 	 31
817 	 1.0 	 0.060 	 25
818 	 0.0 	 0.160 	 23
819 	 0.0 	 0.010 	 35
820 	 0.0 	 0.060 	 32
821 	 0.0 	 0.030 	 29
822 	 0.0 	 0.130 	 34
823 	 0.0 	 0.080 	 31
824 	 1.0 	 0.190 	 26
825 	 0.0 	 0.080 	 32
826 	 0.0 	 0.030 	 29
827 	 1.0 	 0.120 	 25
828 	 1.0 	 0.150 	 27
829 	 0.0 	 0.140 	 28
830 	 0.0 	 0.130 	 27
831 	 0.0 	 0.080 	 29
832 	 0.0 	 0.110 	 23
833 	 0.0 	 0.080 	 36
834 	 0.0 	 0.140 	 34
835 	 0.0 	 0.020 	 25
836 	 0.0 	 0.020 	 24
837 	 1.0 	 0.050 	 27
838 	 0.0 	 0.130 	 26
839 	 0.0 	 0.040 	 27
840 	 0.0 	 0.100 	 36
841 	 0.0 	 0.080 	 35
842 	 1.0 	 0.050 	 24
843 	 0.0 	 0.140 	 26
844 	 0.0 	 0.100 	 33
845 	 0.0 	 0.070 	 33
846 	 0.0 	 0.030 	 32
847 	 0.0 	 0.180 	 33
848 	 0.0 	 0.030 	 34
849 	 0.0 	 0.090 	 35
850 	 0.0 	 0.140 	 26
851 	 0.0 	 0.040 	 34
852 	 1.0 	 0.190 	 23
853 	 0.0 	 0.020 	 35
854 	 0.0 	 0.070 	 28
855 	 0.0 	 0.150 	 32
856 	 0.0 	 0.080 	 33
857 	 0.0 	 0.200 	 29
858 	 0.0 	 0.040 	 23
859 	 0.0 	 0.050 	 28
860 	 1.0 	 0.080 	 27
861 	 0.0 	 0.040 	 36
862 	 0.0 	 0.170 	 32
863 	 0.0 	 0.170 	 32
864 	 0.0 	 0.040 	 34
865 	 0.0 	 0.180 	 36
866 	 0.0 	 0.190 	 36
867 	 1.0 	 0.120 	 24
868 	 1.0 	 0.120 	 24
869 	 0.0 	 0.020 	 36
870 	 1.0 	 0.040 	 25
871 	 1.0 	 0.050 	 23
872 	 0.0 	 0.030 	 34
873 	 1.0 	 0.030 	 24
874 	 1.0 	 0.020 	 28
875 	 0.0 	 0.010 	 28
876 	 0.0 	 0.110 	 25
877 	 0.0 	 0.160 	 32
878 	 0.0 	 0.170 	 32
879 	 0.0 	 0.190 	 29
880 	 0.0 	 0.070 	 32
881 	 0.0 	 0.050 	 34
882 	 1.0 	 0.060 	 24
883 	 0.0 	 0.140 	 36
884 	 0.0 	 0.180 	 36
885 	 0.0 	 0.060 	 35
886 	 0.0 	 0.150 	 29
887 	 0.0 	 0.200 	 26
888 	 0.0 	 0.080 	 31
889 	 1.0 	 0.080 	 26
890 	 0.0 	 0.010 	 26
891 	 0.0 	 0.150 	 34
892 	 0.0 	 0.150 	 25
893 	 0.0 	 0.200 	 26
894 	 0.0 	 0.140 	 31
895 	 0.0 	 0.070 	 25
896 	 0.0 	 0.040 	 31
897 	 1.0 	 0.160 	 29
898 	 1.0 	 0.070 	 26
899 	 0.0 	 0.130 	 26
900 	 0.0 	 0.170 	 31
901 	 1.0 	 0.190 	 17
902 	 1.0 	 0.120 	 10
903 	 0.0 	 0.090 	 21
904 	 -0.0 	 0.200 	 17
905 	 1.0 	 0.030 	 8
906 	 -0.0 	 0.070 	 12
907 	 -0.0 	 0.160 	 20
908 	 0.0 	 0.040 	 19
909 	 -0.0 	 0.030 	 17
910 	 0.0 	 0.180 	 20
911 	 1.0 	 0.090 	 7
912 	 1.0 	 0.150 	 11
913 	 0.0 	 0.050 	 13
914 	 1.0 	 0.180 	 8
915 	 1.0 	 0.090 	 13
916 	 -0.0 	 0.070 	 18
917 	 -0.0 	 0.020 	 12
918 	 1.0 	 0.010 	 12
919 	 0.0 	 0.100 	 14
920 	 1.0 	 0.100 	 14
921 	 0.0 	 0.170 	 22
922 	 -0.0 	 0.160 	 19
923 	 -0.0 	 0.110 	 17
924 	 1.0 	 0.040 	 9
925 	 0.0 	 0.040 	 19
926 	 -0.0 	 0.130 	 10
927 	 -0.0 	 0.120 	 22
928 	 -0.0 	 0.060 	 13
929 	 0.0 	 0.120 	 21
930 	 0.0 	 0.030 	 21
931 	 -0.0 	 0.080 	 9
932 	 1.0 	 0.100 	 7
933 	 -0.0 	 0.100 	 11
934 	 -0.0 	 0.120 	 22
935 	 -0.0 	 0.120 	 14
936 	 1.0 	 0.090 	 16
937 	 1.0 	 0.070 	 13
938 	 -0.0 	 0.110 	 21
939 	 -0.0 	 0.110 	 20
940 	 -0.0 	 0.150 	 11
941 	 -0.0 	 0.170 	 14
942 	 -0.0 	 0.160 	 9
943 	 1.0 	 0.080 	 11
944 	 -0.0 	 0.070 	 16
945 	 1.0 	 0.130 	 9
946 	 1.0 	 0.070 	 16
947 	 -0.0 	 0.160 	 17
948 	 1.0 	 0.160 	 7
949 	 -0.0 	 0.160 	 21
950 	 1.0 	 0.020 	 14
951 	 -0.0 	 0.170 	 17
952 	 -0.0 	 0.030 	 16
953 	 -0.0 	 0.050 	 22
954 	 -0.0 	 0.150 	 8
955 	 1.0 	 0.190 	 8
956 	 1.0 	 0.150 	 8
957 	 1.0 	 0.040 	 11
958 	 1.0 	 0.100 	 15
959 	 1.0 	 0.150 	 16
960 	 1.0 	 0.190 	 11
961 	 -0.0 	 0.070 	 13
962 	 -0.0 	 0.040 	 11
963 	 -0.0 	 0.160 	 17
964 	 1.0 	 0.120 	 8
965 	 -0.0 	 0.030 	 17
966 	 0.0 	 0.160 	 19
967 	 1.0 	 0.020 	 9
968 	 -0.0 	 0.090 	 22
969 	 1.0 	 0.100 	 11
970 	 0.0 	 0.040 	 20
971 	 -0.0 	 0.140 	 8
972 	 0.0 	 0.100 	 20
973 	 1.0 	 0.180 	 10
974 	 1.0 	 0.200 	 15
975 	 -0.0 	 0.090 	 16
976 	 1.0 	 0.010 	 12
977 	 1.0 	 0.040 	 10
978 	 1.0 	 0.030 	 9
979 	 -0.0 	 0.170 	 9
980 	 -0.0 	 0.050 	 20
981 	 1.0 	 0.010 	 8
982 	 1.0 	 0.030 	 7
983 	 -0.0 	 0.130 	 15
984 	 1.0 	 0.020 	 11
985 	 -0.0 	 0.090 	 14
986 	 -0.0 	 0.130 	 10
987 	 0.0 	 0.090 	 21
988 	 0.0 	 0.120 	 20
989 	 1.0 	 0.050 	 13
990 	 1.0 	 0.010 	 11
991 	 0.0 	 0.080 	 21
992 	 -0.0 	 0.090 	 20
993 	 -0.0 	 0.190 	 16
994 	 1.0 	 0.120 	 10
995 	 -0.0 	 0.180 	 17
996 	 -0.0 	 0.140 	 13
997 	 -0.0 	 0.170 	 22
998 	 -0.0 	 0.120 	 13
999 	 -0.0 	 0.140 	 13
1000 	 1.0 	 0.110 	 11
1001 	 -0.0 	 0.140 	 18
1002 	 -0.0 	 0.010 	 8
1003 	 -0.0 	 0.130 	 16
1004 	 -0.0 	 0.100 	 11
1005 	 0.0 	 0.090 	 16
1006 	 1.0 	 0.120 	 12
1007 	 -0.0 	 0.060 	 10
1008 	 -0.0 	 0.130 	 21
1009 	 -0.0 	 0.150 	 12
1010 	 0.0 	 0.090 	 19
1011 	 0.0 	 0.040 	 17
1012 	 -0.0 	 0.190 	 15
1013 	 1.0 	 0.090 	 16
1014 	 -0.0 	 0.100 	 9
1015 	 1.0 	 0.180 	 8
1016 	 -0.0 	 0.110 	 18
1017 	 1.0 	 0.050 	 7
1018 	 -0.0 	 0.100 	 17
1019 	 -0.0 	 0.180 	 21
1020 	 1.0 	 0.170 	 7
1021 	 -0.0 	 0.080 	 10
1022 	 -0.0 	 0.150 	 15
1023 	 -0.0 	 0.130 	 8
1024 	 1.0 	 0.010 	 11
1025 	 -0.0 	 0.160 	 20
1026 	 0.0 	 0.140 	 21
1027 	 -0.0 	 0.010 	 13
1028 	 1.0 	 0.040 	 13
1029 	 1.0 	 0.200 	 7
1030 	 -0.0 	 0.030 	 19
1031 	 -0.0 	 0.090 	 18
1032 	 -0.0 	 0.050 	 14
1033 	 1.0 	 0.190 	 17
1034 	 0.0 	 0.010 	 18
1035 	 -0.0 	 0.130 	 8
1036 	 0.0 	 0.120 	 19
1037 	 -0.0 	 0.070 	 13
1038 	 1.0 	 0.020 	 12
1039 	 -0.0 	 0.110 	 22
1040 	 -0.0 	 0.120 	 18
1041 	 0.0 	 0.160 	 8
1042 	 -0.0 	 0.150 	 11
1043 	 -0.0 	 0.130 	 9
1044 	 0.0 	 0.060 	 22
1045 	 0.0 	 0.080 	 17
1046 	 -0.0 	 0.060 	 11
1047 	 1.0 	 0.060 	 7
1048 	 -0.0 	 0.110 	 16
1049 	 -0.0 	 0.130 	 17
1050 	 -0.0 	 0.200 	 19
1051 	 -0.0 	 0.200 	 21
1052 	 -0.0 	 0.120 	 18
1053 	 -0.0 	 0.150 	 15
1054 	 1.0 	 0.100 	 7
1055 	 -0.0 	 0.200 	 15
1056 	 1.0 	 0.010 	 13
1057 	 -0.0 	 0.160 	 12
1058 	 1.0 	 0.040 	 10
1059 	 -0.0 	 0.070 	 14
1060 	 -0.0 	 0.020 	 22
1061 	 -0.0 	 0.190 	 11
1062 	 0.0 	 0.140 	 21
1063 	 0.0 	 0.080 	 20
1064 	 1.0 	 0.060 	 8
1065 	 1.0 	 0.090 	 14
1066 	 -0.0 	 0.150 	 18
1067 	 -0.0 	 0.200 	 7
1068 	 -0.0 	 0.030 	 12
1069 	 -0.0 	 0.120 	 18
1070 	 0.0 	 0.020 	 21
1071 	 1.0 	 0.180 	 7
1072 	 1.0 	 0.030 	 7
1073 	 -0.0 	 0.150 	 11
1074 	 0.0 	 0.090 	 20
1075 	 -0.0 	 0.070 	 12
1076 	 -0.0 	 0.090 	 19
1077 	 0.0 	 0.170 	 7
1078 	 -0.0 	 0.080 	 12
1079 	 -0.0 	 0.120 	 21
1080 	 1.0 	 0.170 	 10
1081 	 1.0 	 0.140 	 9
1082 	 0.0 	 0.170 	 22
1083 	 -0.0 	 0.130 	 15
1084 	 -0.0 	 0.140 	 16
1085 	 1.0 	 0.180 	 18
1086 	 1.0 	 0.060 	 16
1087 	 0.0 	 0.110 	 15
1088 	 0.0 	 0.100 	 21
1089 	 -0.0 	 0.100 	 9
1090 	 -0.0 	 0.170 	 11
1091 	 -0.0 	 0.180 	 15
1092 	 0.0 	 0.190 	 21
1093 	 -0.0 	 0.110 	 18
1094 	 1.0 	 0.030 	 12
1095 	 0.0 	 0.120 	 20
1096 	 1.0 	 0.050 	 8
1097 	 1.0 	 0.080 	 10
1098 	 1.0 	 0.140 	 11
1099 	 1.0 	 0.190 	 12
1100 	 -0.0 	 0.170 	 12
1101 	 0.0 	 0.090 	 21
1102 	 -0.0 	 0.070 	 13
1103 	 -0.0 	 0.150 	 22
1104 	 0.0 	 0.010 	 16
1105 	 -0.0 	 0.120 	 18
1106 	 -0.0 	 0.120 	 19
1107 	 0.0 	 0.170 	 20
1108 	 -0.0 	 0.180 	 11
1109 	 0.0 	 0.140 	 20
1110 	 1.0 	 0.170 	 7
1111 	 0.0 	 0.170 	 15
1112 	 -0.0 	 0.140 	 14
1113 	 -0.0 	 0.040 	 10
1114 	 -0.0 	 0.100 	 12
1115 	 1.0 	 0.020 	 16
1116 	 -0.0 	 0.120 	 16
1117 	 -0.0 	 0.090 	 20
1118 	 -0.0 	 0.020 	 19
1119 	 -0.0 	 0.090 	 18
1120 	 0.0 	 0.040 	 17
1121 	 -0.0 	 0.100 	 16
1122 	 0.0 	 0.110 	 21
1123 	 0.0 	 0.040 	 18
1124 	 -0.0 	 0.140 	 17
1125 	 0.0 	 0.040 	 15
1126 	 -0.0 	 0.100 	 18
1127 	 -0.0 	 0.120 	 7
1128 	 -0.0 	 0.080 	 22
1129 	 -0.0 	 0.140 	 20
1130 	 -0.0 	 0.060 	 17
1131 	 1.0 	 0.060 	 16
1132 	 0.0 	 0.060 	 21
1133 	 0.0 	 0.030 	 20
1134 	 1.0 	 0.180 	 9
1135 	 -0.0 	 0.110 	 10
1136 	 -0.0 	 0.160 	 19
1137 	 1.0 	 0.140 	 14
1138 	 0.0 	 0.030 	 21
1139 	 -0.0 	 0.200 	 12
1140 	 -0.0 	 0.060 	 13
1141 	 0.0 	 0.060 	 19
1142 	 1.0 	 0.100 	 13
1143 	 -0.0 	 0.030 	 15
1144 	 1.0 	 0.040 	 17
1145 	 -0.0 	 0.140 	 11
1146 	 -0.0 	 0.160 	 18
1147 	 0.0 	 0.170 	 16
1148 	 0.0 	 0.050 	 22
1149 	 1.0 	 0.040 	 8
1150 	 -0.0 	 0.080 	 10
1151 	 -0.0 	 0.130 	 16
1152 	 -0.0 	 0.120 	 15
1153 	 1.0 	 0.020 	 8
1154 	 1.0 	 0.160 	 12
1155 	 -0.0 	 0.100 	 17
1156 	 0.0 	 0.040 	 19
1157 	 -0.0 	 0.130 	 13
1158 	 1.0 	 0.130 	 7
1159 	 -0.0 	 0.080 	 13
1160 	 -0.0 	 0.120 	 21
1161 	 -0.0 	 0.160 	 15
1162 	 1.0 	 0.140 	 15
1163 	 1.0 	 0.050 	 7
1164 	 1.0 	 0.050 	 14
1165 	 -0.0 	 0.020 	 15
1166 	 1.0 	 0.020 	 9
1167 	 -0.0 	 0.030 	 18
1168 	 0.0 	 0.110 	 21
1169 	 1.0 	 0.080 	 8
1170 	 1.0 	 0.150 	 15
1171 	 -0.0 	 0.200 	 8
1172 	 -0.0 	 0.170 	 19
1173 	 -0.0 	 0.030 	 12
1174 	 -0.0 	 0.130 	 13
1175 	 -0.0 	 0.160 	 18
1176 	 1.0 	 0.100 	 8
1177 	 1.0 	 0.160 	 8
1178 	 0.0 	 0.150 	 20
1179 	 1.0 	 0.090 	 8
1180 	 0.0 	 0.160 	 18
1181 	 1.0 	 0.010 	 13
1182 	 1.0 	 0.070 	 15
1183 	 -0.0 	 0.010 	 9
1184 	 1.0 	 0.080 	 7
1185 	 1.0 	 0.010 	 15
1186 	 -0.0 	 0.030 	 14
1187 	 -0.0 	 0.090 	 18
1188 	 1.0 	 0.130 	 17
1189 	 -0.0 	 0.020 	 8
1190 	 0.0 	 0.100 	 22
1191 	 1.0 	 0.010 	 9
1192 	 1.0 	 0.190 	 9
1193 	 0.0 	 0.190 	 21
1194 	 1.0 	 0.110 	 8
1195 	 0.0 	 0.070 	 21
1196 	 -0.0 	 0.200 	 22
1197 	 -0.0 	 0.190 	 19
1198 	 -0.0 	 0.120 	 18
1199 	 -0.0 	 0.090 	 21
1200 	 0.0 	 0.040 	 19
1201 	 -0.0 	 0.070 	 26
1202 	 -0.0 	 0.030 	 26
1203 	 1.0 	 0.040 	 14
1204 	 0.0 	 0.090 	 15
1205 	 -0.0 	 0.120 	 21
1206 	 -0.0 	 0.200 	 36
1207 	 -0.0 	 0.090 	 12
1208 	 -0.0 	 0.090 	 27
1209 	 -0.0 	 0.200 	 18
1210 	 -0.0 	 0.190 	 29
1211 	 0.0 	 0.030 	 34
1212 	 1.0 	 0.050 	 12
1213 	 -0.0 	 0.120 	 36
1214 	 -0.0 	 0.040 	 17
1215 	 -0.0 	 0.060 	 24
1216 	 1.0 	 0.020 	 16
1217 	 -0.0 	 0.130 	 17
1218 	 -0.0 	 0.200 	 31
1219 	 -0.0 	 0.130 	 23
1220 	 0.0 	 0.090 	 18
1221 	 -0.0 	 0.150 	 11
1222 	 -0.0 	 0.080 	 13
1223 	 0.0 	 0.090 	 23
1224 	 -0.0 	 0.110 	 28
1225 	 -0.0 	 0.170 	 13
1226 	 0.0 	 0.140 	 19
1227 	 -0.0 	 0.100 	 26
1228 	 0.0 	 0.020 	 25
1229 	 -0.0 	 0.110 	 35
1230 	 0.0 	 0.140 	 18
1231 	 -0.0 	 0.040 	 23
1232 	 -0.0 	 0.100 	 28
1233 	 1.0 	 0.050 	 13
1234 	 -0.0 	 0.050 	 17
1235 	 -0.0 	 0.200 	 11
1236 	 0.0 	 0.090 	 22
1237 	 -0.0 	 0.050 	 27
1238 	 0.0 	 0.090 	 18
1239 	 -0.0 	 0.080 	 32
1240 	 1.0 	 0.090 	 11
1241 	 -0.0 	 0.110 	 27
1242 	 -0.0 	 0.010 	 29
1243 	 -0.0 	 0.070 	 25
1244 	 1.0 	 0.090 	 12
1245 	 -0.0 	 0.120 	 30
1246 	 -0.0 	 0.120 	 11
1247 	 -0.0 	 0.140 	 33
1248 	 0.0 	 0.090 	 28
1249 	 0.0 	 0.060 	 26
1250 	 -0.0 	 0.190 	 29
1251 	 0.0 	 0.100 	 30
1252 	 -0.0 	 0.160 	 29
1253 	 -0.0 	 0.040 	 28
1254 	 -0.0 	 0.060 	 33
1255 	 0.0 	 0.020 	 26
1256 	 -0.0 	 0.160 	 18
1257 	 0.0 	 0.010 	 28
1258 	 -0.0 	 0.180 	 32
1259 	 1.0 	 0.040 	 12
1260 	 -0.0 	 0.020 	 23
1261 	 -0.0 	 0.030 	 15
1262 	 0.0 	 0.020 	 25
1263 	 -0.0 	 0.010 	 13
1264 	 -0.0 	 0.020 	 33
1265 	 -0.0 	 0.130 	 29
1266 	 -0.0 	 0.070 	 34
1267 	 1.0 	 0.200 	 13
1268 	 0.0 	 0.110 	 35
1269 	 1.0 	 0.150 	 14
1270 	 -0.0 	 0.110 	 14
1271 	 -0.0 	 0.040 	 24
1272 	 -0.0 	 0.180 	 19
1273 	 0.0 	 0.090 	 25
1274 	 0.0 	 0.030 	 20
1275 	 -0.0 	 0.150 	 20
1276 	 -0.0 	 0.080 	 11
1277 	 -0.0 	 0.050 	 20
1278 	 -0.0 	 0.150 	 16
1279 	 0.0 	 0.120 	 17
1280 	 0.0 	 0.110 	 25
1281 	 1.0 	 0.020 	 14
1282 	 -0.0 	 0.110 	 26
1283 	 0.0 	 0.180 	 22
1284 	 0.0 	 0.060 	 33
1285 	 -0.0 	 0.070 	 24
1286 	 0.0 	 0.160 	 21
1287 	 -0.0 	 0.200 	 34
1288 	 -0.0 	 0.170 	 21
1289 	 0.0 	 0.150 	 22
1290 	 -0.0 	 0.130 	 24
1291 	 1.0 	 0.110 	 12
1292 	 1.0 	 0.060 	 12
1293 	 -0.0 	 0.160 	 15
1294 	 -0.0 	 0.050 	 29
1295 	 -0.0 	 0.030 	 36
1296 	 -0.0 	 0.130 	 24
1297 	 1.0 	 0.150 	 15
1298 	 1.0 	 0.120 	 13
1299 	 0.0 	 0.040 	 15
1300 	 0.0 	 0.120 	 28
1301 	 -0.0 	 0.200 	 36
1302 	 -0.0 	 0.040 	 24
1303 	 0.0 	 0.190 	 19
1304 	 0.0 	 0.140 	 26
1305 	 -0.0 	 0.170 	 28
1306 	 0.0 	 0.050 	 21
1307 	 0.0 	 0.160 	 19
1308 	 -0.0 	 0.140 	 14
1309 	 -0.0 	 0.060 	 14
1310 	 -0.0 	 0.120 	 20
1311 	 -0.0 	 0.160 	 17
1312 	 0.0 	 0.030 	 36
1313 	 -0.0 	 0.100 	 14
1314 	 -0.0 	 0.170 	 29
1315 	 1.0 	 0.140 	 13
1316 	 -0.0 	 0.080 	 24
1317 	 -0.0 	 0.100 	 30
1318 	 0.0 	 0.090 	 34
1319 	 0.0 	 0.070 	 20
1320 	 0.0 	 0.050 	 36
1321 	 0.0 	 0.010 	 28
1322 	 -0.0 	 0.160 	 35
1323 	 0.0 	 0.040 	 35
1324 	 0.0 	 0.040 	 34
1325 	 0.0 	 0.030 	 19
1326 	 0.0 	 0.120 	 15
1327 	 0.0 	 0.070 	 32
1328 	 0.0 	 0.160 	 31
1329 	 1.0 	 0.040 	 13
1330 	 0.0 	 0.020 	 28
1331 	 -0.0 	 0.150 	 32
1332 	 -0.0 	 0.020 	 28
1333 	 -0.0 	 0.180 	 13
1334 	 0.0 	 0.060 	 33
1335 	 -0.0 	 0.190 	 36
1336 	 1.0 	 0.020 	 14
1337 	 0.0 	 0.050 	 25
1338 	 1.0 	 0.030 	 16
1339 	 0.0 	 0.070 	 26
1340 	 0.0 	 0.010 	 22
1341 	 1.0 	 0.170 	 12
1342 	 1.0 	 0.160 	 12
1343 	 0.0 	 0.190 	 30
1344 	 0.0 	 0.040 	 20
1345 	 -0.0 	 0.110 	 16
1346 	 -0.0 	 0.150 	 21
1347 	 -0.0 	 0.190 	 34
1348 	 -0.0 	 0.040 	 31
1349 	 0.0 	 0.190 	 22
1350 	 0.0 	 0.020 	 20
1351 	 0.0 	 0.170 	 25
1352 	 -0.0 	 0.180 	 29
1353 	 -0.0 	 0.180 	 32
1354 	 1.0 	 0.160 	 11
1355 	 0.0 	 0.110 	 21
1356 	 -0.0 	 0.030 	 21
1357 	 -0.0 	 0.190 	 29
1358 	 1.0 	 0.050 	 15
1359 	 0.0 	 0.200 	 29
1360 	 -0.0 	 0.190 	 16
1361 	 -0.0 	 0.030 	 20
1362 	 -0.0 	 0.060 	 33
1363 	 -0.0 	 0.090 	 33
1364 	 -0.0 	 0.110 	 12
1365 	 1.0 	 0.070 	 11
1366 	 -0.0 	 0.120 	 32
1367 	 0.0 	 0.150 	 29
1368 	 -0.0 	 0.070 	 11
1369 	 -0.0 	 0.150 	 14
1370 	 0.0 	 0.170 	 21
1371 	 1.0 	 0.020 	 11
1372 	 -0.0 	 0.180 	 18
1373 	 -0.0 	 0.010 	 27
1374 	 -0.0 	 0.100 	 24
1375 	 0.0 	 0.180 	 35
1376 	 0.0 	 0.030 	 18
1377 	 1.0 	 0.030 	 18
1378 	 -0.0 	 0.190 	 24
1379 	 -0.0 	 0.090 	 11
1380 	 1.0 	 0.040 	 12
1381 	 1.0 	 0.040 	 14
1382 	 -0.0 	 0.090 	 19
1383 	 -0.0 	 0.060 	 17
1384 	 -0.0 	 0.190 	 17
1385 	 -0.0 	 0.100 	 16
1386 	 -0.0 	 0.080 	 29
1387 	 1.0 	 0.070 	 11
1388 	 -0.0 	 0.200 	 12
1389 	 -0.0 	 0.060 	 30
1390 	 0.0 	 0.110 	 36
1391 	 -0.0 	 0.080 	 14
1392 	 1.0 	 0.130 	 16
1393 	 1.0 	 0.200 	 12
1394 	 -0.0 	 0.130 	 30
1395 	 0.0 	 0.190 	 15
1396 	 -0.0 	 0.170 	 23
1397 	 0.0 	 0.050 	 16
1398 	 1.0 	 0.170 	 12
1399 	 0.0 	 0.150 	 32
1400 	 0.0 	 0.030 	 30
1401 	 0.0 	 0.100 	 35
1402 	 1.0 	 0.040 	 16
1403 	 0.0 	 0.080 	 24
1404 	 -0.0 	 0.200 	 15
1405 	 -0.0 	 0.180 	 23
1406 	 0.0 	 0.180 	 23
1407 	 0.0 	 0.170 	 35
1408 	 -0.0 	 0.080 	 11
1409 	 0.0 	 0.140 	 24
1410 	 -0.0 	 0.080 	 35
1411 	 -0.0 	 0.060 	 16
1412 	 -0.0 	 0.130 	 14
1413 	 -0.0 	 0.050 	 15
1414 	 -0.0 	 0.170 	 15
1415 	 -0.0 	 0.130 	 20
1416 	 1.0 	 0.180 	 11
1417 	 1.0 	 0.180 	 12
1418 	 -0.0 	 0.060 	 24
1419 	 0.0 	 0.080 	 23
1420 	 -0.0 	 0.140 	 31
1421 	 0.0 	 0.140 	 31
1422 	 -0.0 	 0.040 	 36
1423 	 -0.0 	 0.170 	 19
1424 	 -0.0 	 0.120 	 25
1425 	 0.0 	 0.030 	 27
1426 	 -0.0 	 0.100 	 20
1427 	 -0.0 	 0.090 	 17
1428 	 0.0 	 0.100 	 22
1429 	 -0.0 	 0.200 	 15
1430 	 0.0 	 0.170 	 20
1431 	 -0.0 	 0.130 	 25
1432 	 0.0 	 0.070 	 30
1433 	 0.0 	 0.010 	 34
1434 	 -0.0 	 0.120 	 18
1435 	 -0.0 	 0.090 	 32
1436 	 -0.0 	 0.180 	 31
1437 	 1.0 	 0.170 	 13
1438 	 -0.0 	 0.110 	 22
1439 	 1.0 	 0.060 	 17
1440 	 1.0 	 0.110 	 14
1441 	 -0.0 	 0.170 	 23
1442 	 -0.0 	 0.060 	 31
1443 	 1.0 	 0.060 	 17
1444 	 1.0 	 0.020 	 11
1445 	 -0.0 	 0.200 	 27
1446 	 -0.0 	 0.160 	 26
1447 	 0.0 	 0.070 	 35
1448 	 0.0 	 0.030 	 32
1449 	 0.0 	 0.070 	 36
1450 	 1.0 	 0.120 	 12
1451 	 0.0 	 0.110 	 28
1452 	 0.0 	 0.120 	 19
1453 	 -0.0 	 0.150 	 29
1454 	 0.0 	 0.200 	 32
1455 	 1.0 	 0.190 	 11
1456 	 0.0 	 0.100 	 35
1457 	 0.0 	 0.160 	 26
1458 	 1.0 	 0.100 	 13
1459 	 0.0 	 0.110 	 36
1460 	 1.0 	 0.130 	 17
1461 	 0.0 	 0.150 	 22
1462 	 0.0 	 0.120 	 22
1463 	 0.0 	 0.020 	 23
1464 	 0.0 	 0.200 	 35
1465 	 0.0 	 0.090 	 18
1466 	 -0.0 	 0.060 	 17
1467 	 1.0 	 0.060 	 12
1468 	 -0.0 	 0.120 	 17
1469 	 -0.0 	 0.160 	 16
1470 	 -0.0 	 0.020 	 18
1471 	 1.0 	 0.030 	 12
1472 	 -0.0 	 0.100 	 22
1473 	 -0.0 	 0.050 	 20
1474 	 -0.0 	 0.080 	 24
1475 	 -0.0 	 0.010 	 17
1476 	 1.0 	 0.040 	 15
1477 	 -0.0 	 0.080 	 17
1478 	 0.0 	 0.200 	 29
1479 	 -0.0 	 0.010 	 17
1480 	 0.0 	 0.150 	 23
1481 	 0.0 	 0.160 	 36
1482 	 -0.0 	 0.020 	 20
1483 	 -0.0 	 0.020 	 20
1484 	 -0.0 	 0.060 	 27
1485 	 -0.0 	 0.190 	 14
1486 	 0.0 	 0.070 	 21
1487 	 1.0 	 0.040 	 12
1488 	 -0.0 	 0.140 	 19
1489 	 0.0 	 0.120 	 20
1490 	 1.0 	 0.160 	 13
1491 	 -0.0 	 0.150 	 29
1492 	 -0.0 	 0.120 	 16
1493 	 -0.0 	 0.110 	 21
1494 	 1.0 	 0.070 	 11
1495 	 0.0 	 0.100 	 30
1496 	 -0.0 	 0.180 	 26
1497 	 -0.0 	 0.140 	 18
1498 	 0.0 	 0.040 	 36
1499 	 -0.0 	 0.120 	 19
1500 	 -0.0 	 0.080 	 32
1501 	 -0.0 	 0.140 	 11
1502 	 0.0 	 0.150 	 20
1503 	 0.0 	 0.150 	 22
1504 	 -0.0 	 0.200 	 25
1505 	 1.0 	 0.150 	 13
1506 	 -0.0 	 0.030 	 29
1507 	 -0.0 	 0.170 	 14
1508 	 0.0 	 0.170 	 26
1509 	 0.0 	 0.110 	 25
1510 	 0.0 	 0.110 	 15
1511 	 -0.0 	 0.180 	 21
1512 	 -0.0 	 0.060 	 17
1513 	 1.0 	 0.070 	 11
1514 	 0.0 	 0.160 	 27
1515 	 0.0 	 0.140 	 30
1516 	 1.0 	 0.160 	 11
1517 	 0.0 	 0.100 	 17
1518 	 -0.0 	 0.170 	 32
1519 	 1.0 	 0.040 	 15
1520 	 -0.0 	 0.170 	 14
1521 	 0.0 	 0.090 	 34
1522 	 0.0 	 0.070 	 17
1523 	 0.0 	 0.020 	 29
1524 	 0.0 	 0.060 	 17
1525 	 0.0 	 0.150 	 31
1526 	 -0.0 	 0.150 	 33
1527 	 1.0 	 0.080 	 16
1528 	 -0.0 	 0.060 	 23
1529 	 -0.0 	 0.110 	 29
1530 	 0.0 	 0.090 	 34
1531 	 -0.0 	 0.100 	 25
1532 	 -0.0 	 0.060 	 26
1533 	 -0.0 	 0.090 	 32
1534 	 -0.0 	 0.120 	 32
1535 	 -0.0 	 0.090 	 11
1536 	 0.0 	 0.200 	 30
1537 	 0.0 	 0.070 	 35
1538 	 0.0 	 0.050 	 36
1539 	 -0.0 	 0.170 	 24
1540 	 -0.0 	 0.110 	 35
1541 	 0.0 	 0.030 	 20
1542 	 1.0 	 0.120 	 14
1543 	 0.0 	 0.110 	 33
1544 	 -0.0 	 0.170 	 29
1545 	 -0.0 	 0.200 	 32
1546 	 1.0 	 0.030 	 14
1547 	 0.0 	 0.010 	 22
1548 	 1.0 	 0.150 	 11
1549 	 -0.0 	 0.100 	 21
1550 	 0.0 	 0.100 	 27
1551 	 1.0 	 0.150 	 13
1552 	 -0.0 	 0.040 	 33
1553 	 -0.0 	 0.090 	 23
1554 	 1.0 	 0.140 	 15
1555 	 0.0 	 0.060 	 23
1556 	 1.0 	 0.150 	 12
1557 	 0.0 	 0.110 	 35
1558 	 -0.0 	 0.180 	 17
1559 	 -0.0 	 0.020 	 19
1560 	 -0.0 	 0.060 	 36
1561 	 0.0 	 0.050 	 14
1562 	 0.0 	 0.100 	 29
1563 	 0.0 	 0.020 	 31
1564 	 0.0 	 0.200 	 26
1565 	 -0.0 	 0.110 	 28
1566 	 0.0 	 0.020 	 14
1567 	 -0.0 	 0.180 	 22
1568 	 -0.0 	 0.090 	 33
1569 	 -0.0 	 0.060 	 34
1570 	 -0.0 	 0.100 	 29
1571 	 -0.0 	 0.110 	 13
1572 	 -0.0 	 0.170 	 32
1573 	 1.0 	 0.090 	 11
1574 	 -0.0 	 0.070 	 13
1575 	 -0.0 	 0.050 	 30
1576 	 0.0 	 0.180 	 19
1577 	 -0.0 	 0.200 	 11
1578 	 0.0 	 0.110 	 34
1579 	 -0.0 	 0.060 	 28
1580 	 -0.0 	 0.020 	 30
1581 	 -0.0 	 0.170 	 14
1582 	 -0.0 	 0.120 	 35
1583 	 -0.0 	 0.080 	 35
1584 	 1.0 	 0.160 	 14
1585 	 -0.0 	 0.010 	 15
1586 	 0.0 	 0.120 	 33
1587 	 0.0 	 0.180 	 25
1588 	 0.0 	 0.100 	 29
1589 	 -0.0 	 0.160 	 25
1590 	 0.0 	 0.020 	 26
1591 	 -0.0 	 0.090 	 33
1592 	 -0.0 	 0.170 	 34
1593 	 -0.0 	 0.160 	 31
1594 	 1.0 	 0.040 	 15
1595 	 1.0 	 0.100 	 15
1596 	 1.0 	 0.010 	 11
1597 	 -0.0 	 0.040 	 31
1598 	 1.0 	 0.140 	 13
1599 	 -0.0 	 0.030 	 23
1600 	 -0.0 	 0.020 	 36
1601 	 0.0 	 0.200 	 22
1602 	 -0.0 	 0.090 	 20
1603 	 0.0 	 0.180 	 32
1604 	 0.0 	 0.200 	 35
1605 	 -0.0 	 0.140 	 18
1606 	 0.0 	 0.170 	 15
1607 	 -0.0 	 0.120 	 26
1608 	 0.0 	 0.170 	 22
1609 	 0.0 	 0.080 	 29
1610 	 -0.0 	 0.050 	 14
1611 	 -0.0 	 0.130 	 27
1612 	 0.0 	 0.060 	 14
1613 	 -0.0 	 0.110 	 20
1614 	 0.0 	 0.130 	 36
1615 	 0.0 	 0.020 	 28
1616 	 0.0 	 0.040 	 23
1617 	 -0.0 	 0.200 	 24
1618 	 1.0 	 0.030 	 14
1619 	 0.0 	 0.070 	 35
1620 	 -0.0 	 0.010 	 23
1621 	 0.0 	 0.010 	 22
1622 	 -0.0 	 0.180 	 27
1623 	 0.0 	 0.100 	 33
1624 	 0.0 	 0.200 	 17
1625 	 -0.0 	 0.120 	 36
1626 	 -0.0 	 0.040 	 20
1627 	 -0.0 	 0.060 	 28
1628 	 0.0 	 0.200 	 31
1629 	 -0.0 	 0.090 	 32
1630 	 -0.0 	 0.160 	 24
1631 	 -0.0 	 0.110 	 31
1632 	 0.0 	 0.140 	 16
1633 	 -0.0 	 0.200 	 29
1634 	 -0.0 	 0.020 	 32
1635 	 0.0 	 0.070 	 26
1636 	 0.0 	 0.160 	 31
1637 	 0.0 	 0.030 	 31
1638 	 -0.0 	 0.020 	 16
1639 	 -0.0 	 0.030 	 32
1640 	 -0.0 	 0.110 	 35
1641 	 0.0 	 0.140 	 27
1642 	 -0.0 	 0.030 	 18
1643 	 0.0 	 0.200 	 20
1644 	 -0.0 	 0.050 	 30
1645 	 1.0 	 0.020 	 14
1646 	 -0.0 	 0.130 	 20
1647 	 0.0 	 0.040 	 23
1648 	 -0.0 	 0.120 	 33
1649 	 0.0 	 0.010 	 23
1650 	 0.0 	 0.170 	 20
1651 	 0.0 	 0.190 	 33
1652 	 0.0 	 0.090 	 36
1653 	 -0.0 	 0.110 	 30
1654 	 -0.0 	 0.190 	 12
1655 	 1.0 	 0.190 	 13
1656 	 1.0 	 0.050 	 12
1657 	 -0.0 	 0.100 	 18
1658 	 0.0 	 0.200 	 18
1659 	 -0.0 	 0.150 	 15
1660 	 -0.0 	 0.020 	 34
1661 	 0.0 	 0.050 	 33
1662 	 0.0 	 0.030 	 23
1663 	 -0.0 	 0.180 	 34
1664 	 1.0 	 0.050 	 11
1665 	 0.0 	 0.080 	 17
1666 	 0.0 	 0.150 	 36
1667 	 -0.0 	 0.190 	 35
1668 	 -0.0 	 0.160 	 13
1669 	 0.0 	 0.110 	 25
1670 	 -0.0 	 0.180 	 25
1671 	 -0.0 	 0.150 	 35
1672 	 0.0 	 0.020 	 24
1673 	 -0.0 	 0.170 	 19
1674 	 0.0 	 0.090 	 18
1675 	 -0.0 	 0.100 	 18
1676 	 -0.0 	 0.170 	 35
1677 	 -0.0 	 0.170 	 18
1678 	 0.0 	 0.120 	 27
1679 	 -0.0 	 0.030 	 27
1680 	 1.0 	 0.160 	 15
1681 	 0.0 	 0.010 	 28
1682 	 0.0 	 0.100 	 29
1683 	 0.0 	 0.050 	 22
1684 	 -0.0 	 0.170 	 24
1685 	 0.0 	 0.060 	 29
1686 	 -0.0 	 0.190 	 15
1687 	 0.0 	 0.020 	 26
1688 	 0.0 	 0.080 	 18
1689 	 1.0 	 0.090 	 14
1690 	 0.0 	 0.120 	 26
1691 	 -0.0 	 0.010 	 36
1692 	 1.0 	 0.120 	 15
1693 	 -0.0 	 0.060 	 23
1694 	 0.0 	 0.120 	 28
1695 	 -0.0 	 0.070 	 16
1696 	 0.0 	 0.130 	 36
1697 	 -0.0 	 0.180 	 17
1698 	 0.0 	 0.200 	 28
1699 	 0.0 	 0.020 	 19
1700 	 0.0 	 0.200 	 36
1701 	 0.0 	 0.130 	 19
1702 	 -0.0 	 0.170 	 20
1703 	 0.0 	 0.170 	 23
1704 	 -0.0 	 0.160 	 23
1705 	 0.0 	 0.030 	 29
1706 	 0.0 	 0.100 	 28
1707 	 -0.0 	 0.140 	 21
1708 	 -0.0 	 0.100 	 15
1709 	 0.0 	 0.150 	 24
1710 	 -0.0 	 0.190 	 14
1711 	 0.0 	 0.190 	 21
1712 	 -0.0 	 0.150 	 19
1713 	 -0.0 	 0.190 	 26
1714 	 0.0 	 0.200 	 20
1715 	 1.0 	 0.140 	 19
1716 	 -0.0 	 0.040 	 26
1717 	 -0.0 	 0.110 	 27
1718 	 -0.0 	 0.160 	 36
1719 	 0.0 	 0.070 	 20
1720 	 -0.0 	 0.140 	 24
1721 	 -0.0 	 0.100 	 16
1722 	 -0.0 	 0.050 	 19
1723 	 -0.0 	 0.090 	 21
1724 	 0.0 	 0.150 	 33
1725 	 0.0 	 0.130 	 36
1726 	 -0.0 	 0.160 	 26
1727 	 0.0 	 0.140 	 28
1728 	 -0.0 	 0.080 	 22
1729 	 -0.0 	 0.090 	 31
1730 	 1.0 	 0.150 	 15
1731 	 0.0 	 0.010 	 33
1732 	 0.0 	 0.150 	 16
1733 	 -0.0 	 0.180 	 17
1734 	 -0.0 	 0.080 	 36
1735 	 0.0 	 0.110 	 35
1736 	 -0.0 	 0.170 	 26
1737 	 0.0 	 0.030 	 20
1738 	 -0.0 	 0.150 	 28
1739 	 0.0 	 0.200 	 36
1740 	 -0.0 	 0.140 	 30
1741 	 -0.0 	 0.110 	 23
1742 	 0.0 	 0.060 	 34
1743 	 1.0 	 0.020 	 20
1744 	 -0.0 	 0.130 	 27
1745 	 -0.0 	 0.070 	 32
1746 	 -0.0 	 0.130 	 19
1747 	 0.0 	 0.010 	 22
1748 	 0.0 	 0.030 	 21
1749 	 0.0 	 0.030 	 28
1750 	 -0.0 	 0.100 	 35
1751 	 0.0 	 0.090 	 24
1752 	 -0.0 	 0.010 	 21
1753 	 -0.0 	 0.130 	 36
1754 	 0.0 	 0.080 	 24
1755 	 0.0 	 0.090 	 30
1756 	 -0.0 	 0.070 	 17
1757 	 -0.0 	 0.160 	 25
1758 	 -0.0 	 0.200 	 22
1759 	 0.0 	 0.110 	 24
1760 	 0.0 	 0.200 	 36
1761 	 0.0 	 0.010 	 25
1762 	 -0.0 	 0.050 	 20
1763 	 -0.0 	 0.170 	 16
1764 	 0.0 	 0.070 	 32
1765 	 -0.0 	 0.020 	 15
1766 	 -0.0 	 0.090 	 22
1767 	 -0.0 	 0.200 	 34
1768 	 0.0 	 0.110 	 22
1769 	 -0.0 	 0.110 	 22
1770 	 0.0 	 0.130 	 31
1771 	 -0.0 	 0.120 	 29
1772 	 1.0 	 0.160 	 18
1773 	 -0.0 	 0.150 	 36
1774 	 0.0 	 0.130 	 26
1775 	 -0.0 	 0.100 	 18
1776 	 -0.0 	 0.160 	 28
1777 	 1.0 	 0.200 	 21
1778 	 -0.0 	 0.160 	 35
1779 	 -0.0 	 0.030 	 36
1780 	 -0.0 	 0.120 	 22
1781 	 -0.0 	 0.200 	 24
1782 	 0.0 	 0.070 	 34
1783 	 -0.0 	 0.090 	 35
1784 	 0.0 	 0.040 	 20
1785 	 -0.0 	 0.050 	 30
1786 	 -0.0 	 0.150 	 35
1787 	 -0.0 	 0.040 	 19
1788 	 0.0 	 0.090 	 30
1789 	 0.0 	 0.090 	 25
1790 	 -0.0 	 0.050 	 16
1791 	 -0.0 	 0.070 	 31
1792 	 -0.0 	 0.190 	 26
1793 	 1.0 	 0.150 	 22
1794 	 0.0 	 0.100 	 35
1795 	 -0.0 	 0.070 	 21
1796 	 -0.0 	 0.130 	 21
1797 	 -0.0 	 0.030 	 27
1798 	 0.0 	 0.090 	 33
1799 	 -0.0 	 0.200 	 30
1800 	 1.0 	 0.170 	 18
1801 	 0.0 	 0.050 	 30
1802 	 1.0 	 0.130 	 15
1803 	 -0.0 	 0.150 	 21
1804 	 0.0 	 0.010 	 27
1805 	 0.0 	 0.070 	 35
1806 	 0.0 	 0.120 	 21
1807 	 0.0 	 0.050 	 29
1808 	 -0.0 	 0.170 	 36
1809 	 1.0 	 0.010 	 17
1810 	 -0.0 	 0.160 	 24
1811 	 0.0 	 0.140 	 27
1812 	 0.0 	 0.150 	 35
1813 	 -0.0 	 0.100 	 15
1814 	 0.0 	 0.120 	 16
1815 	 -0.0 	 0.030 	 35
1816 	 0.0 	 0.100 	 19
1817 	 1.0 	 0.090 	 16
1818 	 -0.0 	 0.100 	 14
1819 	 0.0 	 0.050 	 26
1820 	 -0.0 	 0.200 	 18
1821 	 0.0 	 0.070 	 36
1822 	 -0.0 	 0.050 	 28
1823 	 0.0 	 0.050 	 32
1824 	 -0.0 	 0.080 	 16
1825 	 1.0 	 0.010 	 14
1826 	 0.0 	 0.140 	 36
1827 	 0.0 	 0.060 	 31
1828 	 0.0 	 0.150 	 30
1829 	 0.0 	 0.060 	 31
1830 	 -0.0 	 0.100 	 27
1831 	 1.0 	 0.040 	 14
1832 	 1.0 	 0.080 	 21
1833 	 1.0 	 0.200 	 18
1834 	 -0.0 	 0.010 	 24
1835 	 -0.0 	 0.170 	 17
1836 	 0.0 	 0.040 	 32
1837 	 1.0 	 0.160 	 16
1838 	 0.0 	 0.060 	 27
1839 	 0.0 	 0.090 	 26
1840 	 0.0 	 0.060 	 32
1841 	 -0.0 	 0.140 	 34
1842 	 0.0 	 0.030 	 24
1843 	 0.0 	 0.170 	 31
1844 	 0.0 	 0.040 	 28
1845 	 -0.0 	 0.010 	 27
1846 	 0.0 	 0.100 	 25
1847 	 0.0 	 0.110 	 24
1848 	 -0.0 	 0.040 	 34
1849 	 0.0 	 0.010 	 23
1850 	 0.0 	 0.030 	 26
1851 	 0.0 	 0.150 	 30
1852 	 0.0 	 0.150 	 35
1853 	 -0.0 	 0.090 	 16
1854 	 -0.0 	 0.050 	 29
1855 	 0.0 	 0.120 	 23
1856 	 0.0 	 0.010 	 35
1857 	 0.0 	 0.170 	 24
1858 	 -0.0 	 0.150 	 28
1859 	 -0.0 	 0.130 	 32
1860 	 -0.0 	 0.090 	 20
1861 	 -0.0 	 0.140 	 25
1862 	 0.0 	 0.090 	 24
1863 	 0.0 	 0.040 	 31
1864 	 0.0 	 0.080 	 29
1865 	 1.0 	 0.010 	 20
1866 	 0.0 	 0.140 	 32
1867 	 -0.0 	 0.100 	 34
1868 	 1.0 	 0.070 	 15
1869 	 0.0 	 0.010 	 26
1870 	 1.0 	 0.120 	 23
1871 	 -0.0 	 0.190 	 32
1872 	 -0.0 	 0.160 	 34
1873 	 -0.0 	 0.010 	 15
1874 	 0.0 	 0.180 	 32
1875 	 1.0 	 0.020 	 22
1876 	 0.0 	 0.060 	 21
1877 	 1.0 	 0.110 	 20
1878 	 -0.0 	 0.080 	 22
1879 	 0.0 	 0.040 	 24
1880 	 0.0 	 0.100 	 30
1881 	 -0.0 	 0.080 	 14
1882 	 -0.0 	 0.130 	 17
1883 	 -0.0 	 0.120 	 31
1884 	 0.0 	 0.130 	 34
1885 	 0.0 	 0.070 	 23
1886 	 -0.0 	 0.080 	 23
1887 	 0.0 	 0.130 	 36
1888 	 0.0 	 0.130 	 31
1889 	 -0.0 	 0.020 	 26
1890 	 -0.0 	 0.040 	 20
1891 	 -0.0 	 0.150 	 24
1892 	 0.0 	 0.060 	 23
1893 	 0.0 	 0.170 	 25
1894 	 0.0 	 0.010 	 20
1895 	 -0.0 	 0.120 	 15
1896 	 -0.0 	 0.110 	 25
1897 	 0.0 	 0.190 	 19
1898 	 -0.0 	 0.030 	 20
1899 	 -0.0 	 0.010 	 36
1900 	 -0.0 	 0.070 	 25
1901 	 -0.0 	 0.110 	 18
1902 	 -0.0 	 0.140 	 23
1903 	 -0.0 	 0.110 	 28
1904 	 1.0 	 0.090 	 15
1905 	 -0.0 	 0.030 	 22
1906 	 0.0 	 0.030 	 27
1907 	 -0.0 	 0.190 	 17
1908 	 -0.0 	 0.020 	 14
1909 	 -0.0 	 0.130 	 35
1910 	 -0.0 	 0.140 	 27
1911 	 0.0 	 0.160 	 26
1912 	 0.0 	 0.080 	 25
1913 	 -0.0 	 0.010 	 15
1914 	 0.0 	 0.140 	 35
1915 	 -0.0 	 0.130 	 18
1916 	 0.0 	 0.110 	 32
1917 	 -0.0 	 0.100 	 28
1918 	 0.0 	 0.190 	 36
1919 	 -0.0 	 0.090 	 18
1920 	 -0.0 	 0.060 	 34
1921 	 1.0 	 0.060 	 19
1922 	 -0.0 	 0.080 	 21
1923 	 0.0 	 0.090 	 22
1924 	 -0.0 	 0.060 	 24
1925 	 0.0 	 0.140 	 36
1926 	 1.0 	 0.090 	 18
1927 	 0.0 	 0.070 	 30
1928 	 -0.0 	 0.150 	 34
1929 	 0.0 	 0.130 	 34
1930 	 0.0 	 0.130 	 31
1931 	 0.0 	 0.060 	 36
1932 	 1.0 	 0.170 	 15
1933 	 -0.0 	 0.130 	 16
1934 	 0.0 	 0.080 	 29
1935 	 1.0 	 0.040 	 14
1936 	 0.0 	 0.140 	 36
1937 	 0.0 	 0.110 	 15
1938 	 0.0 	 0.120 	 33
1939 	 -0.0 	 0.060 	 33
1940 	 0.0 	 0.010 	 22
1941 	 0.0 	 0.140 	 26
1942 	 -0.0 	 0.050 	 18
1943 	 -0.0 	 0.110 	 27
1944 	 -0.0 	 0.160 	 27
1945 	 0.0 	 0.140 	 31
1946 	 -0.0 	 0.150 	 30
1947 	 1.0 	 0.050 	 16
1948 	 0.0 	 0.150 	 21
1949 	 -0.0 	 0.090 	 14
1950 	 -0.0 	 0.190 	 24
1951 	 0.0 	 0.140 	 23
1952 	 1.0 	 0.040 	 14
1953 	 0.0 	 0.020 	 29
1954 	 -0.0 	 0.020 	 32
1955 	 1.0 	 0.070 	 14
1956 	 1.0 	 0.050 	 14
1957 	 -0.0 	 0.180 	 34
1958 	 -0.0 	 0.060 	 36
1959 	 -0.0 	 0.110 	 28
1960 	 -0.0 	 0.090 	 23
1961 	 0.0 	 0.010 	 27
1962 	 0.0 	 0.090 	 33
1963 	 0.0 	 0.100 	 25
1964 	 1.0 	 0.010 	 15
1965 	 -0.0 	 0.100 	 28
1966 	 0.0 	 0.040 	 19
1967 	 0.0 	 0.200 	 25
1968 	 -0.0 	 0.050 	 14
1969 	 0.0 	 0.150 	 27
1970 	 0.0 	 0.060 	 25
1971 	 0.0 	 0.050 	 27
1972 	 -0.0 	 0.150 	 26
1973 	 1.0 	 0.120 	 16
1974 	 -0.0 	 0.040 	 30
1975 	 0.0 	 0.100 	 36
1976 	 1.0 	 0.110 	 14
1977 	 -0.0 	 0.120 	 21
1978 	 0.0 	 0.100 	 25
1979 	 -0.0 	 0.020 	 28
1980 	 1.0 	 0.180 	 17
1981 	 1.0 	 0.200 	 21
1982 	 -0.0 	 0.030 	 27
1983 	 -0.0 	 0.080 	 30
1984 	 -0.0 	 0.040 	 34
1985 	 -0.0 	 0.060 	 19
1986 	 1.0 	 0.010 	 15
1987 	 0.0 	 0.020 	 24
1988 	 -0.0 	 0.050 	 32
1989 	 0.0 	 0.090 	 22
1990 	 0.0 	 0.030 	 32
1991 	 -0.0 	 0.020 	 34
1992 	 0.0 	 0.190 	 34
1993 	 1.0 	 0.130 	 18
1994 	 0.0 	 0.150 	 21
1995 	 -0.0 	 0.070 	 30
1996 	 0.0 	 0.060 	 33
1997 	 -0.0 	 0.170 	 15
1998 	 -0.0 	 0.130 	 28
1999 	 0.0 	 0.180 	 35
2000 	 -0.0 	 0.040 	 18
