1 	 1.0 	 0.040 	 21
2 	 1.0 	 0.090 	 24
3 	 -0.0 	 0.180 	 27
4 	 -0.0 	 0.030 	 27
5 	 -0.0 	 0.060 	 31
6 	 1.0 	 0.100 	 24
7 	 -0.0 	 0.010 	 22
8 	 1.0 	 0.020 	 21
9 	 -0.0 	 0.070 	 36
10 	 -0.0 	 0.020 	 22
11 	 -0.0 	 0.040 	 23
12 	 -0.0 	 0.150 	 29
13 	 -0.0 	 0.130 	 35
14 	 -0.0 	 0.020 	 23
15 	 -0.0 	 0.160 	 24
16 	 -0.0 	 0.110 	 31
17 	 -0.0 	 0.160 	 28
18 	 1.0 	 0.160 	 24
19 	 1.0 	 0.100 	 21
20 	 -0.0 	 0.070 	 35
21 	 -0.0 	 0.070 	 30
22 	 -0.0 	 0.080 	 22
23 	 -0.0 	 0.150 	 35
24 	 -0.0 	 0.140 	 21
25 	 -0.0 	 0.020 	 32
26 	 -0.0 	 0.120 	 32
27 	 -0.0 	 0.050 	 36
28 	 -0.0 	 0.120 	 34
29 	 -0.0 	 0.030 	 35
30 	 1.0 	 0.180 	 21
31 	 -0.0 	 0.070 	 31
32 	 -0.0 	 0.180 	 31
33 	 -0.0 	 0.140 	 30
34 	 -0.0 	 0.200 	 24
35 	 -0.0 	 0.100 	 31
36 	 1.0 	 0.080 	 21
37 	 1.0 	 0.200 	 24
38 	 -0.0 	 0.040 	 22
39 	 -0.0 	 0.040 	 32
40 	 -0.0 	 0.050 	 31
41 	 -0.0 	 0.040 	 34
42 	 -0.0 	 0.030 	 28
43 	 1.0 	 0.030 	 24
44 	 -0.0 	 0.120 	 33
45 	 1.0 	 0.020 	 21
46 	 -0.0 	 0.050 	 25
47 	 -0.0 	 0.020 	 21
48 	 -0.0 	 0.180 	 27
49 	 -0.0 	 0.040 	 36
50 	 -0.0 	 0.160 	 26
51 	 -0.0 	 0.180 	 28
52 	 -0.0 	 0.180 	 31
53 	 1.0 	 0.090 	 25
54 	 -0.0 	 0.160 	 27
55 	 -0.0 	 0.200 	 31
56 	 1.0 	 0.100 	 22
57 	 -0.0 	 0.020 	 33
58 	 1.0 	 0.130 	 27
59 	 -0.0 	 0.060 	 28
60 	 -0.0 	 0.060 	 30
61 	 1.0 	 0.160 	 23
62 	 -0.0 	 0.180 	 22
63 	 -0.0 	 0.060 	 31
64 	 -0.0 	 0.130 	 26
65 	 -0.0 	 0.030 	 25
66 	 -0.0 	 0.190 	 24
67 	 -0.0 	 0.110 	 27
68 	 -0.0 	 0.180 	 31
69 	 -0.0 	 0.110 	 35
70 	 1.0 	 0.090 	 24
71 	 -0.0 	 0.190 	 36
72 	 -0.0 	 0.110 	 26
73 	 1.0 	 0.180 	 26
74 	 -0.0 	 0.140 	 30
75 	 -0.0 	 0.010 	 27
76 	 -0.0 	 0.130 	 27
77 	 -0.0 	 0.110 	 34
78 	 -0.0 	 0.050 	 23
79 	 -0.0 	 0.140 	 32
80 	 -0.0 	 0.090 	 36
81 	 -0.0 	 0.140 	 27
82 	 -0.0 	 0.190 	 24
83 	 1.0 	 0.180 	 23
84 	 -0.0 	 0.120 	 35
85 	 -0.0 	 0.110 	 32
86 	 1.0 	 0.070 	 21
87 	 -0.0 	 0.040 	 28
88 	 1.0 	 0.180 	 24
89 	 -0.0 	 0.120 	 21
90 	 -0.0 	 0.060 	 23
91 	 1.0 	 0.100 	 21
92 	 1.0 	 0.200 	 24
93 	 -0.0 	 0.060 	 34
94 	 -0.0 	 0.020 	 31
95 	 -0.0 	 0.100 	 29
96 	 -0.0 	 0.050 	 23
97 	 -0.0 	 0.100 	 29
98 	 -0.0 	 0.140 	 29
99 	 -0.0 	 0.070 	 33
100 	 -0.0 	 0.190 	 26
101 	 1.0 	 0.070 	 22
102 	 -0.0 	 0.100 	 31
103 	 -0.0 	 0.150 	 32
104 	 -0.0 	 0.080 	 29
105 	 1.0 	 0.090 	 21
106 	 1.0 	 0.140 	 21
107 	 1.0 	 0.120 	 22
108 	 -0.0 	 0.140 	 30
109 	 -0.0 	 0.020 	 23
110 	 -0.0 	 0.040 	 24
111 	 -0.0 	 0.090 	 36
112 	 -0.0 	 0.040 	 35
113 	 -0.0 	 0.020 	 24
114 	 -0.0 	 0.170 	 33
115 	 -0.0 	 0.060 	 31
116 	 1.0 	 0.080 	 24
117 	 -0.0 	 0.190 	 24
118 	 -0.0 	 0.050 	 26
119 	 -0.0 	 0.190 	 35
120 	 -0.0 	 0.080 	 26
121 	 -0.0 	 0.030 	 29
122 	 1.0 	 0.060 	 23
123 	 -0.0 	 0.140 	 34
124 	 -0.0 	 0.160 	 34
125 	 1.0 	 0.010 	 24
126 	 -0.0 	 0.040 	 25
127 	 -0.0 	 0.080 	 32
128 	 -0.0 	 0.100 	 26
129 	 -0.0 	 0.150 	 33
130 	 1.0 	 0.190 	 21
131 	 -0.0 	 0.130 	 27
132 	 -0.0 	 0.160 	 34
133 	 1.0 	 0.050 	 24
134 	 -0.0 	 0.150 	 29
135 	 -0.0 	 0.050 	 29
136 	 -0.0 	 0.190 	 23
137 	 -0.0 	 0.060 	 28
138 	 -0.0 	 0.120 	 29
139 	 -0.0 	 0.080 	 28
140 	 -0.0 	 0.070 	 36
141 	 -0.0 	 0.120 	 22
142 	 -0.0 	 0.140 	 36
143 	 -0.0 	 0.110 	 27
144 	 1.0 	 0.070 	 24
145 	 -0.0 	 0.160 	 36
146 	 -0.0 	 0.160 	 31
147 	 -0.0 	 0.100 	 21
148 	 1.0 	 0.130 	 22
149 	 -0.0 	 0.100 	 33
150 	 -0.0 	 0.100 	 29
151 	 -0.0 	 0.030 	 33
152 	 -0.0 	 0.190 	 22
153 	 -0.0 	 0.170 	 29
154 	 1.0 	 0.180 	 23
155 	 -0.0 	 0.150 	 35
156 	 -0.0 	 0.010 	 27
157 	 -0.0 	 0.110 	 28
158 	 -0.0 	 0.020 	 24
159 	 -0.0 	 0.090 	 29
160 	 -0.0 	 0.060 	 26
161 	 -0.0 	 0.110 	 24
162 	 1.0 	 0.060 	 25
163 	 -0.0 	 0.110 	 36
164 	 -0.0 	 0.070 	 25
165 	 1.0 	 0.080 	 23
166 	 -0.0 	 0.170 	 27
167 	 -0.0 	 0.100 	 35
168 	 -0.0 	 0.070 	 29
169 	 -0.0 	 0.140 	 31
170 	 -0.0 	 0.080 	 34
171 	 -0.0 	 0.110 	 28
172 	 -0.0 	 0.120 	 24
173 	 -0.0 	 0.200 	 27
174 	 -0.0 	 0.030 	 24
175 	 1.0 	 0.200 	 24
176 	 -0.0 	 0.090 	 35
177 	 -0.0 	 0.010 	 31
178 	 1.0 	 0.100 	 22
179 	 -0.0 	 0.050 	 35
180 	 -0.0 	 0.190 	 36
181 	 -0.0 	 0.110 	 33
182 	 -0.0 	 0.090 	 23
183 	 -0.0 	 0.130 	 26
184 	 -0.0 	 0.080 	 26
185 	 -0.0 	 0.100 	 25
186 	 -0.0 	 0.180 	 21
187 	 -0.0 	 0.010 	 29
188 	 -0.0 	 0.190 	 35
189 	 -0.0 	 0.160 	 35
190 	 -0.0 	 0.200 	 26
191 	 -0.0 	 0.020 	 31
192 	 -0.0 	 0.070 	 30
193 	 -0.0 	 0.120 	 36
194 	 -0.0 	 0.180 	 34
195 	 -0.0 	 0.060 	 33
196 	 -0.0 	 0.040 	 28
197 	 -0.0 	 0.080 	 23
198 	 -0.0 	 0.200 	 29
199 	 -0.0 	 0.160 	 33
200 	 -0.0 	 0.080 	 35
201 	 -0.0 	 0.170 	 12
202 	 -0.0 	 0.170 	 30
203 	 1.0 	 0.120 	 10
204 	 1.0 	 0.080 	 14
205 	 -0.0 	 0.010 	 16
206 	 -0.0 	 0.120 	 34
207 	 -0.0 	 0.040 	 15
208 	 -0.0 	 0.140 	 11
209 	 -0.0 	 0.060 	 28
210 	 -0.0 	 0.130 	 31
211 	 -0.0 	 0.030 	 15
212 	 -0.0 	 0.140 	 18
213 	 -0.0 	 0.150 	 30
214 	 -0.0 	 0.160 	 19
215 	 -0.0 	 0.200 	 26
216 	 -0.0 	 0.070 	 27
217 	 -0.0 	 0.060 	 33
218 	 -0.0 	 0.020 	 23
219 	 1.0 	 0.190 	 9
220 	 -0.0 	 0.040 	 23
221 	 -0.0 	 0.120 	 16
222 	 1.0 	 0.070 	 11
223 	 1.0 	 0.170 	 10
224 	 -0.0 	 0.070 	 33
225 	 -0.0 	 0.050 	 36
226 	 -0.0 	 0.200 	 30
227 	 -0.0 	 0.010 	 17
228 	 1.0 	 0.180 	 14
229 	 -0.0 	 0.020 	 28
230 	 -0.0 	 0.130 	 21
231 	 -0.0 	 0.070 	 33
232 	 -0.0 	 0.120 	 18
233 	 -0.0 	 0.010 	 27
234 	 -0.0 	 0.170 	 34
235 	 -0.0 	 0.160 	 33
236 	 1.0 	 0.170 	 10
237 	 -0.0 	 0.160 	 27
238 	 -0.0 	 0.190 	 35
239 	 -0.0 	 0.170 	 13
240 	 1.0 	 0.090 	 15
241 	 -0.0 	 0.020 	 19
242 	 -0.0 	 0.190 	 30
243 	 -0.0 	 0.030 	 20
244 	 -0.0 	 0.190 	 35
245 	 -0.0 	 0.070 	 16
246 	 1.0 	 0.010 	 12
247 	 -0.0 	 0.080 	 34
248 	 -0.0 	 0.110 	 18
249 	 -0.0 	 0.170 	 11
250 	 -0.0 	 0.060 	 22
251 	 -0.0 	 0.150 	 25
252 	 -0.0 	 0.030 	 22
253 	 -0.0 	 0.170 	 18
254 	 -0.0 	 0.200 	 14
255 	 -0.0 	 0.030 	 24
256 	 -0.0 	 0.090 	 26
257 	 -0.0 	 0.020 	 12
258 	 -0.0 	 0.080 	 21
259 	 -0.0 	 0.140 	 30
260 	 1.0 	 0.150 	 11
261 	 0.0 	 0.030 	 35
262 	 -0.0 	 0.190 	 33
263 	 -0.0 	 0.040 	 27
264 	 1.0 	 0.130 	 11
265 	 -0.0 	 0.100 	 21
266 	 -0.0 	 0.060 	 34
267 	 -0.0 	 0.170 	 24
268 	 1.0 	 0.070 	 10
269 	 -0.0 	 0.170 	 18
270 	 0.0 	 0.030 	 28
271 	 -0.0 	 0.190 	 19
272 	 -0.0 	 0.150 	 31
273 	 -0.0 	 0.080 	 23
274 	 1.0 	 0.180 	 16
275 	 1.0 	 0.050 	 16
276 	 -0.0 	 0.110 	 22
277 	 -0.0 	 0.060 	 28
278 	 -0.0 	 0.170 	 21
279 	 -0.0 	 0.120 	 23
280 	 1.0 	 0.180 	 11
281 	 -0.0 	 0.150 	 13
282 	 1.0 	 0.060 	 11
283 	 -0.0 	 0.160 	 32
284 	 -0.0 	 0.200 	 21
285 	 0.0 	 0.030 	 21
286 	 -0.0 	 0.170 	 22
287 	 -0.0 	 0.040 	 17
288 	 -0.0 	 0.130 	 36
289 	 -0.0 	 0.170 	 30
290 	 1.0 	 0.090 	 9
291 	 -0.0 	 0.100 	 16
292 	 -0.0 	 0.140 	 35
293 	 -0.0 	 0.090 	 18
294 	 -0.0 	 0.070 	 29
295 	 -0.0 	 0.150 	 17
296 	 1.0 	 0.070 	 9
297 	 1.0 	 0.090 	 10
298 	 -0.0 	 0.140 	 21
299 	 -0.0 	 0.050 	 11
300 	 -0.0 	 0.050 	 23
301 	 1.0 	 0.040 	 13
302 	 -0.0 	 0.190 	 26
303 	 -0.0 	 0.150 	 20
304 	 0.0 	 0.030 	 35
305 	 1.0 	 0.050 	 18
306 	 -0.0 	 0.010 	 23
307 	 -0.0 	 0.120 	 35
308 	 -0.0 	 0.130 	 28
309 	 -0.0 	 0.160 	 24
310 	 -0.0 	 0.080 	 27
311 	 -0.0 	 0.130 	 13
312 	 0.0 	 0.100 	 30
313 	 0.0 	 0.040 	 34
314 	 -0.0 	 0.140 	 14
315 	 -0.0 	 0.080 	 28
316 	 -0.0 	 0.200 	 31
317 	 -0.0 	 0.180 	 21
318 	 -0.0 	 0.160 	 15
319 	 -0.0 	 0.070 	 17
320 	 -0.0 	 0.200 	 26
321 	 -0.0 	 0.070 	 24
322 	 -0.0 	 0.180 	 28
323 	 -0.0 	 0.110 	 30
324 	 1.0 	 0.010 	 9
325 	 -0.0 	 0.180 	 31
326 	 -0.0 	 0.050 	 21
327 	 -0.0 	 0.120 	 21
328 	 1.0 	 0.040 	 9
329 	 -0.0 	 0.040 	 34
330 	 -0.0 	 0.080 	 24
331 	 -0.0 	 0.140 	 32
332 	 -0.0 	 0.140 	 24
333 	 1.0 	 0.060 	 9
334 	 -0.0 	 0.130 	 11
335 	 -0.0 	 0.040 	 25
336 	 -0.0 	 0.190 	 32
337 	 1.0 	 0.140 	 11
338 	 -0.0 	 0.190 	 34
339 	 -0.0 	 0.160 	 28
340 	 -0.0 	 0.150 	 32
341 	 -0.0 	 0.160 	 26
342 	 -0.0 	 0.040 	 34
343 	 -0.0 	 0.110 	 25
344 	 -0.0 	 0.110 	 20
345 	 -0.0 	 0.110 	 30
346 	 -0.0 	 0.100 	 27
347 	 -0.0 	 0.170 	 28
348 	 -0.0 	 0.170 	 22
349 	 1.0 	 0.140 	 9
350 	 1.0 	 0.040 	 11
351 	 1.0 	 0.080 	 18
352 	 -0.0 	 0.020 	 30
353 	 -0.0 	 0.130 	 31
354 	 -0.0 	 0.130 	 21
355 	 0.0 	 0.070 	 31
356 	 -0.0 	 0.160 	 16
357 	 -0.0 	 0.090 	 16
358 	 -0.0 	 0.010 	 26
359 	 -0.0 	 0.150 	 30
360 	 1.0 	 0.100 	 11
361 	 -0.0 	 0.070 	 12
362 	 -0.0 	 0.070 	 26
363 	 1.0 	 0.150 	 11
364 	 -0.0 	 0.100 	 35
365 	 -0.0 	 0.060 	 17
366 	 1.0 	 0.040 	 11
367 	 1.0 	 0.020 	 18
368 	 -0.0 	 0.010 	 34
369 	 -0.0 	 0.110 	 18
370 	 -0.0 	 0.020 	 33
371 	 -0.0 	 0.010 	 25
372 	 -0.0 	 0.190 	 36
373 	 -0.0 	 0.120 	 23
374 	 -0.0 	 0.110 	 25
375 	 1.0 	 0.060 	 10
376 	 -0.0 	 0.010 	 32
377 	 -0.0 	 0.150 	 21
378 	 -0.0 	 0.150 	 25
379 	 -0.0 	 0.060 	 34
380 	 -0.0 	 0.070 	 24
381 	 -0.0 	 0.030 	 34
382 	 -0.0 	 0.090 	 29
383 	 0.0 	 0.010 	 33
384 	 -0.0 	 0.030 	 34
385 	 1.0 	 0.150 	 10
386 	 -0.0 	 0.090 	 32
387 	 -0.0 	 0.030 	 21
388 	 -0.0 	 0.020 	 20
389 	 -0.0 	 0.130 	 25
390 	 1.0 	 0.190 	 9
391 	 -0.0 	 0.110 	 21
392 	 -0.0 	 0.130 	 23
393 	 -0.0 	 0.040 	 36
394 	 1.0 	 0.160 	 11
395 	 1.0 	 0.030 	 15
396 	 -0.0 	 0.090 	 30
397 	 -0.0 	 0.160 	 12
398 	 -0.0 	 0.080 	 31
399 	 -0.0 	 0.090 	 13
400 	 1.0 	 0.070 	 0
401 	 -0.0 	 0.100 	 29
402 	 1.0 	 0.150 	 7
403 	 -0.0 	 0.180 	 29
404 	 -0.0 	 0.090 	 31
405 	 1.0 	 0.190 	 7
406 	 -0.0 	 0.010 	 25
407 	 1.0 	 0.110 	 15
408 	 1.0 	 0.040 	 8
409 	 -0.0 	 0.130 	 10
410 	 -0.0 	 0.120 	 31
411 	 -0.0 	 0.010 	 30
412 	 1.0 	 0.150 	 7
413 	 1.0 	 0.130 	 12
414 	 0.0 	 0.050 	 36
415 	 -0.0 	 0.010 	 31
416 	 -0.0 	 0.100 	 24
417 	 -0.0 	 0.040 	 29
418 	 0.0 	 0.030 	 23
419 	 -0.0 	 0.110 	 33
420 	 -0.0 	 0.200 	 18
421 	 -0.0 	 0.070 	 18
422 	 -0.0 	 0.170 	 18
423 	 1.0 	 0.040 	 7
424 	 -0.0 	 0.040 	 30
425 	 1.0 	 0.050 	 12
426 	 -0.0 	 0.050 	 20
427 	 -0.0 	 0.150 	 23
428 	 -0.0 	 0.010 	 34
429 	 1.0 	 0.160 	 11
430 	 -0.0 	 0.010 	 28
431 	 -0.0 	 0.050 	 16
432 	 -0.0 	 0.090 	 36
433 	 -0.0 	 0.070 	 27
434 	 1.0 	 0.190 	 7
435 	 -0.0 	 0.140 	 33
436 	 -0.0 	 0.070 	 28
437 	 -0.0 	 0.020 	 18
438 	 -0.0 	 0.050 	 27
439 	 -0.0 	 0.040 	 30
440 	 -0.0 	 0.010 	 20
441 	 -0.0 	 0.100 	 16
442 	 -0.0 	 0.140 	 23
443 	 -0.0 	 0.080 	 23
444 	 -0.0 	 0.030 	 11
445 	 1.0 	 0.160 	 10
446 	 -0.0 	 0.180 	 23
447 	 -0.0 	 0.020 	 27
448 	 -0.0 	 0.070 	 25
449 	 -0.0 	 0.010 	 24
450 	 -0.0 	 0.130 	 36
451 	 0.0 	 0.010 	 34
452 	 -0.0 	 0.090 	 33
453 	 1.0 	 0.030 	 8
454 	 -0.0 	 0.030 	 15
455 	 -0.0 	 0.170 	 20
456 	 -0.0 	 0.080 	 35
457 	 -0.0 	 0.110 	 32
458 	 -0.0 	 0.100 	 24
459 	 -0.0 	 0.020 	 34
460 	 -0.0 	 0.130 	 17
461 	 -0.0 	 0.190 	 35
462 	 -0.0 	 0.190 	 21
463 	 -0.0 	 0.190 	 24
464 	 1.0 	 0.040 	 8
465 	 -0.0 	 0.160 	 29
466 	 -0.0 	 0.150 	 14
467 	 -0.0 	 0.180 	 30
468 	 -0.0 	 0.010 	 32
469 	 -0.0 	 0.050 	 31
470 	 -0.0 	 0.140 	 26
471 	 1.0 	 0.070 	 7
472 	 -0.0 	 0.060 	 35
473 	 0.0 	 0.020 	 32
474 	 1.0 	 0.070 	 8
475 	 -0.0 	 0.150 	 28
476 	 -0.0 	 0.040 	 35
477 	 -0.0 	 0.180 	 14
478 	 -0.0 	 0.060 	 19
479 	 -0.0 	 0.010 	 17
480 	 -0.0 	 0.150 	 31
481 	 -0.0 	 0.160 	 28
482 	 -0.0 	 0.070 	 14
483 	 1.0 	 0.170 	 9
484 	 0.0 	 0.110 	 16
485 	 -0.0 	 0.090 	 25
486 	 -0.0 	 0.170 	 21
487 	 -0.0 	 0.200 	 35
488 	 -0.0 	 0.190 	 29
489 	 -0.0 	 0.130 	 12
490 	 -0.0 	 0.050 	 33
491 	 1.0 	 0.080 	 15
492 	 -0.0 	 0.200 	 22
493 	 -0.0 	 0.090 	 30
494 	 -0.0 	 0.110 	 18
495 	 -0.0 	 0.060 	 32
496 	 -0.0 	 0.110 	 30
497 	 -0.0 	 0.070 	 35
498 	 -0.0 	 0.150 	 34
499 	 1.0 	 0.200 	 9
500 	 -0.0 	 0.130 	 35
501 	 1.0 	 0.030 	 9
502 	 -0.0 	 0.180 	 33
503 	 -0.0 	 0.170 	 30
504 	 -0.0 	 0.170 	 36
505 	 -0.0 	 0.050 	 12
506 	 -0.0 	 0.160 	 9
507 	 -0.0 	 0.170 	 33
508 	 -0.0 	 0.200 	 36
509 	 1.0 	 0.180 	 10
510 	 -0.0 	 0.200 	 23
511 	 -0.0 	 0.130 	 32
512 	 -0.0 	 0.140 	 22
513 	 -0.0 	 0.060 	 36
514 	 -0.0 	 0.180 	 23
515 	 -0.0 	 0.070 	 20
516 	 -0.0 	 0.020 	 28
517 	 0.0 	 0.010 	 25
518 	 1.0 	 0.090 	 13
519 	 1.0 	 0.170 	 10
520 	 1.0 	 0.150 	 9
521 	 1.0 	 0.190 	 11
522 	 1.0 	 0.130 	 12
523 	 1.0 	 0.130 	 15
524 	 -0.0 	 0.170 	 27
525 	 1.0 	 0.030 	 9
526 	 1.0 	 0.170 	 12
527 	 -0.0 	 0.030 	 32
528 	 1.0 	 0.200 	 10
529 	 1.0 	 0.010 	 9
530 	 -0.0 	 0.170 	 34
531 	 1.0 	 0.170 	 8
532 	 -0.0 	 0.140 	 17
533 	 -0.0 	 0.170 	 24
534 	 1.0 	 0.070 	 7
535 	 1.0 	 0.190 	 11
536 	 -0.0 	 0.070 	 20
537 	 1.0 	 0.190 	 8
538 	 -0.0 	 0.010 	 28
539 	 -0.0 	 0.120 	 18
540 	 -0.0 	 0.070 	 24
541 	 -0.0 	 0.010 	 17
542 	 1.0 	 0.140 	 8
543 	 -0.0 	 0.190 	 18
544 	 -0.0 	 0.170 	 20
545 	 -0.0 	 0.090 	 25
546 	 -0.0 	 0.140 	 31
547 	 0.0 	 0.050 	 17
548 	 -0.0 	 0.090 	 11
549 	 1.0 	 0.140 	 13
550 	 0.0 	 0.030 	 33
551 	 1.0 	 0.010 	 16
552 	 -0.0 	 0.050 	 31
553 	 1.0 	 0.010 	 10
554 	 -0.0 	 0.030 	 23
555 	 -0.0 	 0.180 	 18
556 	 -0.0 	 0.190 	 19
557 	 -0.0 	 0.140 	 32
558 	 -0.0 	 0.170 	 11
559 	 -0.0 	 0.190 	 28
560 	 -0.0 	 0.110 	 18
561 	 -0.0 	 0.010 	 25
562 	 -0.0 	 0.120 	 27
563 	 -0.0 	 0.090 	 12
564 	 -0.0 	 0.040 	 19
565 	 -0.0 	 0.040 	 21
566 	 -0.0 	 0.050 	 26
567 	 1.0 	 0.130 	 9
568 	 -0.0 	 0.140 	 9
569 	 -0.0 	 0.130 	 36
570 	 1.0 	 0.170 	 8
571 	 -0.0 	 0.020 	 16
572 	 -0.0 	 0.170 	 11
573 	 -0.0 	 0.020 	 25
574 	 -0.0 	 0.070 	 28
575 	 -0.0 	 0.140 	 27
576 	 -0.0 	 0.020 	 21
577 	 -0.0 	 0.010 	 30
578 	 1.0 	 0.170 	 14
579 	 -0.0 	 0.170 	 26
580 	 -0.0 	 0.110 	 24
581 	 -0.0 	 0.140 	 14
582 	 -0.0 	 0.070 	 26
583 	 -0.0 	 0.010 	 25
584 	 1.0 	 0.030 	 9
585 	 -0.0 	 0.020 	 28
586 	 -0.0 	 0.080 	 18
587 	 1.0 	 0.040 	 15
588 	 -0.0 	 0.130 	 16
589 	 1.0 	 0.060 	 9
590 	 -0.0 	 0.070 	 34
591 	 -0.0 	 0.030 	 21
592 	 -0.0 	 0.110 	 8
593 	 1.0 	 0.050 	 9
594 	 -0.0 	 0.080 	 12
595 	 -0.0 	 0.020 	 35
596 	 -0.0 	 0.150 	 14
597 	 -0.0 	 0.200 	 26
598 	 1.0 	 0.140 	 8
599 	 -0.0 	 0.190 	 31
600 	 -0.0 	 0.170 	 28
601 	 -0.0 	 0.100 	 35
602 	 1.0 	 0.100 	 11
603 	 -0.0 	 0.010 	 32
604 	 -0.0 	 0.040 	 28
605 	 -0.0 	 0.140 	 32
606 	 -0.0 	 0.070 	 35
607 	 -0.0 	 0.010 	 18
608 	 -0.0 	 0.120 	 9
609 	 -0.0 	 0.070 	 21
610 	 -0.0 	 0.020 	 21
611 	 1.0 	 0.100 	 15
612 	 -0.0 	 0.050 	 17
613 	 1.0 	 0.090 	 14
614 	 -0.0 	 0.110 	 30
615 	 -0.0 	 0.190 	 29
616 	 0.0 	 0.020 	 17
617 	 -0.0 	 0.160 	 32
618 	 -0.0 	 0.190 	 18
619 	 1.0 	 0.150 	 16
620 	 -0.0 	 0.020 	 33
621 	 -0.0 	 0.170 	 29
622 	 -0.0 	 0.200 	 28
623 	 -0.0 	 0.170 	 35
624 	 -0.0 	 0.190 	 29
625 	 -0.0 	 0.150 	 35
626 	 -0.0 	 0.020 	 29
627 	 1.0 	 0.120 	 7
628 	 -0.0 	 0.060 	 33
629 	 -0.0 	 0.030 	 26
630 	 -0.0 	 0.070 	 27
631 	 -0.0 	 0.100 	 21
632 	 -0.0 	 0.030 	 32
633 	 -0.0 	 0.090 	 35
634 	 -0.0 	 0.020 	 30
635 	 -0.0 	 0.110 	 32
636 	 -0.0 	 0.090 	 30
637 	 -0.0 	 0.100 	 16
638 	 -0.0 	 0.090 	 12
639 	 1.0 	 0.200 	 15
640 	 -0.0 	 0.080 	 31
641 	 -0.0 	 0.070 	 36
642 	 -0.0 	 0.100 	 32
643 	 1.0 	 0.070 	 9
644 	 -0.0 	 0.050 	 22
645 	 -0.0 	 0.060 	 27
646 	 -0.0 	 0.080 	 35
647 	 -0.0 	 0.010 	 29
648 	 -0.0 	 0.190 	 28
649 	 -0.0 	 0.010 	 16
650 	 -0.0 	 0.030 	 32
651 	 -0.0 	 0.150 	 28
652 	 -0.0 	 0.010 	 36
653 	 -0.0 	 0.070 	 21
654 	 1.0 	 0.010 	 9
655 	 1.0 	 0.160 	 9
656 	 -0.0 	 0.020 	 25
657 	 -0.0 	 0.040 	 24
658 	 -0.0 	 0.060 	 14
659 	 1.0 	 0.120 	 10
660 	 -0.0 	 0.100 	 13
661 	 -0.0 	 0.080 	 23
662 	 -0.0 	 0.110 	 35
663 	 -0.0 	 0.070 	 15
664 	 -0.0 	 0.140 	 35
665 	 -0.0 	 0.090 	 36
666 	 -0.0 	 0.050 	 16
667 	 -0.0 	 0.190 	 13
668 	 -0.0 	 0.170 	 27
669 	 1.0 	 0.090 	 12
670 	 1.0 	 0.120 	 8
671 	 -0.0 	 0.140 	 32
672 	 1.0 	 0.190 	 10
673 	 -0.0 	 0.170 	 35
674 	 1.0 	 0.150 	 8
675 	 1.0 	 0.200 	 10
676 	 1.0 	 0.100 	 8
677 	 -0.0 	 0.180 	 24
678 	 1.0 	 0.130 	 13
679 	 -0.0 	 0.160 	 29
680 	 -0.0 	 0.030 	 15
681 	 -0.0 	 0.020 	 13
682 	 -0.0 	 0.010 	 21
683 	 1.0 	 0.150 	 8
684 	 1.0 	 0.130 	 7
685 	 -0.0 	 0.020 	 15
686 	 -0.0 	 0.080 	 23
687 	 0.0 	 0.030 	 33
688 	 -0.0 	 0.160 	 21
689 	 -0.0 	 0.010 	 33
690 	 -0.0 	 0.070 	 33
691 	 -0.0 	 0.190 	 30
692 	 1.0 	 0.090 	 10
693 	 -0.0 	 0.060 	 35
694 	 -0.0 	 0.200 	 31
695 	 -0.0 	 0.070 	 36
696 	 1.0 	 0.020 	 7
697 	 -0.0 	 0.110 	 32
698 	 1.0 	 0.090 	 9
699 	 -0.0 	 0.180 	 23
700 	 -0.0 	 0.100 	 18
701 	 1.0 	 0.100 	 27
702 	 0.0 	 0.130 	 25
703 	 0.0 	 0.080 	 35
704 	 0.0 	 0.190 	 30
705 	 0.0 	 0.180 	 34
706 	 1.0 	 0.100 	 26
707 	 0.0 	 0.160 	 35
708 	 0.0 	 0.120 	 23
709 	 1.0 	 0.050 	 27
710 	 0.0 	 0.160 	 34
711 	 0.0 	 0.060 	 24
712 	 0.0 	 0.120 	 26
713 	 1.0 	 0.020 	 24
714 	 0.0 	 0.020 	 34
715 	 0.0 	 0.200 	 25
716 	 1.0 	 0.190 	 28
717 	 1.0 	 0.070 	 26
718 	 0.0 	 0.110 	 32
719 	 0.0 	 0.090 	 34
720 	 0.0 	 0.070 	 35
721 	 0.0 	 0.090 	 26
722 	 0.0 	 0.170 	 27
723 	 0.0 	 0.070 	 36
724 	 0.0 	 0.090 	 30
725 	 0.0 	 0.110 	 36
726 	 0.0 	 0.100 	 28
727 	 0.0 	 0.130 	 33
728 	 0.0 	 0.160 	 36
729 	 0.0 	 0.010 	 31
730 	 0.0 	 0.050 	 25
731 	 1.0 	 0.010 	 23
732 	 0.0 	 0.040 	 30
733 	 0.0 	 0.010 	 33
734 	 0.0 	 0.170 	 31
735 	 0.0 	 0.140 	 36
736 	 1.0 	 0.150 	 25
737 	 0.0 	 0.200 	 31
738 	 0.0 	 0.090 	 29
739 	 0.0 	 0.100 	 35
740 	 0.0 	 0.020 	 25
741 	 0.0 	 0.120 	 26
742 	 0.0 	 0.160 	 35
743 	 0.0 	 0.110 	 32
744 	 0.0 	 0.040 	 30
745 	 0.0 	 0.030 	 34
746 	 1.0 	 0.130 	 28
747 	 0.0 	 0.090 	 35
748 	 0.0 	 0.020 	 33
749 	 0.0 	 0.040 	 32
750 	 0.0 	 0.100 	 31
751 	 0.0 	 0.110 	 31
752 	 0.0 	 0.150 	 29
753 	 0.0 	 0.070 	 34
754 	 1.0 	 0.010 	 25
755 	 0.0 	 0.100 	 32
756 	 0.0 	 0.200 	 30
757 	 1.0 	 0.090 	 29
758 	 0.0 	 0.120 	 35
759 	 1.0 	 0.190 	 25
760 	 0.0 	 0.190 	 34
761 	 0.0 	 0.010 	 26
762 	 1.0 	 0.130 	 27
763 	 0.0 	 0.020 	 35
764 	 1.0 	 0.180 	 24
765 	 0.0 	 0.030 	 36
766 	 0.0 	 0.090 	 36
767 	 0.0 	 0.140 	 35
768 	 0.0 	 0.010 	 26
769 	 0.0 	 0.190 	 34
770 	 0.0 	 0.170 	 30
771 	 0.0 	 0.100 	 23
772 	 0.0 	 0.130 	 35
773 	 0.0 	 0.160 	 34
774 	 0.0 	 0.170 	 32
775 	 0.0 	 0.170 	 30
776 	 0.0 	 0.190 	 30
777 	 1.0 	 0.120 	 26
778 	 0.0 	 0.080 	 33
779 	 1.0 	 0.020 	 27
780 	 0.0 	 0.110 	 28
781 	 0.0 	 0.070 	 35
782 	 0.0 	 0.120 	 34
783 	 1.0 	 0.030 	 24
784 	 0.0 	 0.150 	 24
785 	 0.0 	 0.070 	 35
786 	 0.0 	 0.170 	 31
787 	 0.0 	 0.060 	 31
788 	 0.0 	 0.200 	 26
789 	 0.0 	 0.190 	 30
790 	 0.0 	 0.070 	 33
791 	 0.0 	 0.130 	 28
792 	 0.0 	 0.150 	 32
793 	 0.0 	 0.200 	 26
794 	 0.0 	 0.140 	 24
795 	 0.0 	 0.100 	 35
796 	 1.0 	 0.050 	 26
797 	 0.0 	 0.050 	 30
798 	 0.0 	 0.190 	 31
799 	 0.0 	 0.150 	 30
800 	 1.0 	 0.100 	 23
801 	 0.0 	 0.050 	 34
802 	 0.0 	 0.130 	 26
803 	 0.0 	 0.190 	 27
804 	 0.0 	 0.140 	 35
805 	 0.0 	 0.050 	 32
806 	 0.0 	 0.170 	 31
807 	 0.0 	 0.060 	 24
808 	 0.0 	 0.190 	 30
809 	 1.0 	 0.090 	 25
810 	 0.0 	 0.160 	 25
811 	 0.0 	 0.050 	 28
812 	 0.0 	 0.090 	 28
813 	 0.0 	 0.170 	 31
814 	 0.0 	 0.160 	 25
815 	 1.0 	 0.050 	 24
816 	 0.0 	 0.170 	 30
817 	 1.0 	 0.090 	 24
818 	 0.0 	 0.080 	 34
819 	 0.0 	 0.010 	 29
820 	 0.0 	 0.010 	 31
821 	 1.0 	 0.010 	 25
822 	 0.0 	 0.200 	 32
823 	 0.0 	 0.050 	 32
824 	 1.0 	 0.010 	 24
825 	 1.0 	 0.130 	 24
826 	 0.0 	 0.130 	 34
827 	 0.0 	 0.070 	 28
828 	 0.0 	 0.120 	 29
829 	 0.0 	 0.060 	 31
830 	 1.0 	 0.160 	 24
831 	 0.0 	 0.130 	 30
832 	 1.0 	 0.110 	 28
833 	 0.0 	 0.200 	 26
834 	 0.0 	 0.170 	 32
835 	 0.0 	 0.100 	 27
836 	 0.0 	 0.190 	 29
837 	 0.0 	 0.050 	 36
838 	 0.0 	 0.130 	 23
839 	 1.0 	 0.060 	 25
840 	 0.0 	 0.130 	 34
841 	 0.0 	 0.090 	 25
842 	 0.0 	 0.090 	 32
843 	 0.0 	 0.170 	 32
844 	 1.0 	 0.110 	 28
845 	 1.0 	 0.090 	 25
846 	 1.0 	 0.170 	 29
847 	 0.0 	 0.190 	 28
848 	 0.0 	 0.030 	 35
849 	 0.0 	 0.160 	 29
850 	 0.0 	 0.160 	 23
851 	 0.0 	 0.190 	 33
852 	 0.0 	 0.110 	 36
853 	 0.0 	 0.150 	 36
854 	 0.0 	 0.040 	 23
855 	 0.0 	 0.150 	 31
856 	 0.0 	 0.030 	 32
857 	 0.0 	 0.100 	 34
858 	 1.0 	 0.100 	 26
859 	 1.0 	 0.080 	 25
860 	 0.0 	 0.030 	 30
861 	 1.0 	 0.130 	 28
862 	 0.0 	 0.120 	 36
863 	 0.0 	 0.010 	 36
864 	 0.0 	 0.170 	 32
865 	 0.0 	 0.160 	 36
866 	 1.0 	 0.120 	 24
867 	 0.0 	 0.080 	 28
868 	 0.0 	 0.020 	 28
869 	 0.0 	 0.110 	 24
870 	 0.0 	 0.030 	 30
871 	 0.0 	 0.100 	 36
872 	 1.0 	 0.070 	 29
873 	 1.0 	 0.110 	 23
874 	 0.0 	 0.100 	 27
875 	 0.0 	 0.190 	 35
876 	 0.0 	 0.160 	 33
877 	 0.0 	 0.100 	 28
878 	 0.0 	 0.040 	 28
879 	 0.0 	 0.090 	 24
880 	 0.0 	 0.160 	 24
881 	 0.0 	 0.060 	 24
882 	 0.0 	 0.150 	 30
883 	 0.0 	 0.030 	 36
884 	 0.0 	 0.010 	 34
885 	 0.0 	 0.050 	 26
886 	 0.0 	 0.130 	 28
887 	 0.0 	 0.060 	 23
888 	 1.0 	 0.020 	 23
889 	 0.0 	 0.120 	 36
890 	 0.0 	 0.140 	 32
891 	 0.0 	 0.190 	 31
892 	 0.0 	 0.090 	 31
893 	 0.0 	 0.150 	 31
894 	 0.0 	 0.130 	 35
895 	 0.0 	 0.190 	 24
896 	 0.0 	 0.020 	 34
897 	 0.0 	 0.170 	 36
898 	 0.0 	 0.070 	 36
899 	 0.0 	 0.180 	 25
900 	 0.0 	 0.140 	 34
901 	 1.0 	 0.200 	 10
902 	 -0.0 	 0.130 	 19
903 	 1.0 	 0.080 	 7
904 	 -0.0 	 0.110 	 22
905 	 1.0 	 0.090 	 8
906 	 1.0 	 0.090 	 9
907 	 -0.0 	 0.130 	 12
908 	 1.0 	 0.130 	 10
909 	 -0.0 	 0.060 	 19
910 	 -0.0 	 0.060 	 9
911 	 -0.0 	 0.030 	 20
912 	 -0.0 	 0.170 	 18
913 	 -0.0 	 0.100 	 14
914 	 1.0 	 0.030 	 9
915 	 1.0 	 0.110 	 16
916 	 1.0 	 0.040 	 12
917 	 -0.0 	 0.030 	 21
918 	 1.0 	 0.030 	 8
919 	 -0.0 	 0.030 	 15
920 	 1.0 	 0.200 	 10
921 	 -0.0 	 0.070 	 16
922 	 -0.0 	 0.180 	 13
923 	 -0.0 	 0.060 	 11
924 	 -0.0 	 0.120 	 13
925 	 1.0 	 0.020 	 13
926 	 -0.0 	 0.040 	 12
927 	 -0.0 	 0.120 	 21
928 	 1.0 	 0.040 	 9
929 	 -0.0 	 0.160 	 17
930 	 1.0 	 0.010 	 11
931 	 -0.0 	 0.080 	 13
932 	 1.0 	 0.140 	 9
933 	 -0.0 	 0.020 	 19
934 	 1.0 	 0.020 	 9
935 	 1.0 	 0.030 	 9
936 	 1.0 	 0.040 	 13
937 	 -0.0 	 0.090 	 10
938 	 1.0 	 0.050 	 7
939 	 -0.0 	 0.160 	 20
940 	 -0.0 	 0.140 	 17
941 	 -0.0 	 0.110 	 18
942 	 1.0 	 0.050 	 16
943 	 -0.0 	 0.200 	 22
944 	 1.0 	 0.050 	 11
945 	 1.0 	 0.130 	 9
946 	 -0.0 	 0.190 	 18
947 	 -0.0 	 0.070 	 17
948 	 -0.0 	 0.140 	 18
949 	 -0.0 	 0.120 	 20
950 	 -0.0 	 0.040 	 21
951 	 1.0 	 0.100 	 10
952 	 -0.0 	 0.010 	 22
953 	 -0.0 	 0.090 	 12
954 	 1.0 	 0.160 	 8
955 	 1.0 	 0.180 	 12
956 	 -0.0 	 0.030 	 14
957 	 -0.0 	 0.010 	 22
958 	 1.0 	 0.200 	 12
959 	 -0.0 	 0.070 	 14
960 	 1.0 	 0.130 	 14
961 	 -0.0 	 0.050 	 12
962 	 -0.0 	 0.150 	 19
963 	 1.0 	 0.100 	 9
964 	 -0.0 	 0.170 	 17
965 	 -0.0 	 0.090 	 22
966 	 1.0 	 0.150 	 8
967 	 1.0 	 0.020 	 8
968 	 -0.0 	 0.100 	 8
969 	 -0.0 	 0.160 	 20
970 	 1.0 	 0.200 	 8
971 	 -0.0 	 0.150 	 16
972 	 1.0 	 0.140 	 14
973 	 1.0 	 0.050 	 7
974 	 -0.0 	 0.030 	 20
975 	 1.0 	 0.060 	 10
976 	 -0.0 	 0.150 	 17
977 	 -0.0 	 0.200 	 20
978 	 1.0 	 0.120 	 10
979 	 1.0 	 0.070 	 13
980 	 1.0 	 0.100 	 7
981 	 -0.0 	 0.170 	 12
982 	 -0.0 	 0.070 	 14
983 	 0.0 	 0.020 	 19
984 	 -0.0 	 0.080 	 12
985 	 1.0 	 0.180 	 9
986 	 1.0 	 0.070 	 8
987 	 -0.0 	 0.040 	 8
988 	 -0.0 	 0.070 	 15
989 	 -0.0 	 0.150 	 19
990 	 1.0 	 0.180 	 8
991 	 -0.0 	 0.010 	 15
992 	 -0.0 	 0.160 	 15
993 	 -0.0 	 0.140 	 17
994 	 -0.0 	 0.200 	 12
995 	 -0.0 	 0.170 	 17
996 	 -0.0 	 0.020 	 17
997 	 1.0 	 0.160 	 8
998 	 -0.0 	 0.160 	 18
999 	 1.0 	 0.080 	 10
1000 	 1.0 	 0.150 	 8
1001 	 -0.0 	 0.090 	 8
1002 	 -0.0 	 0.010 	 21
1003 	 -0.0 	 0.100 	 14
1004 	 1.0 	 0.200 	 16
1005 	 -0.0 	 0.110 	 18
1006 	 1.0 	 0.090 	 7
1007 	 1.0 	 0.020 	 7
1008 	 1.0 	 0.130 	 7
1009 	 1.0 	 0.180 	 11
1010 	 -0.0 	 0.020 	 14
1011 	 -0.0 	 0.170 	 13
1012 	 -0.0 	 0.090 	 17
1013 	 -0.0 	 0.140 	 15
1014 	 1.0 	 0.120 	 7
1015 	 1.0 	 0.150 	 8
1016 	 1.0 	 0.150 	 14
1017 	 -0.0 	 0.200 	 14
1018 	 -0.0 	 0.010 	 14
1019 	 -0.0 	 0.170 	 20
1020 	 -0.0 	 0.140 	 16
1021 	 -0.0 	 0.080 	 17
1022 	 -0.0 	 0.110 	 13
1023 	 -0.0 	 0.020 	 17
1024 	 -0.0 	 0.130 	 15
1025 	 -0.0 	 0.080 	 16
1026 	 1.0 	 0.170 	 9
1027 	 1.0 	 0.070 	 13
1028 	 1.0 	 0.040 	 14
1029 	 1.0 	 0.190 	 16
1030 	 -0.0 	 0.040 	 12
1031 	 -0.0 	 0.050 	 22
1032 	 -0.0 	 0.200 	 19
1033 	 1.0 	 0.140 	 14
1034 	 -0.0 	 0.180 	 16
1035 	 -0.0 	 0.060 	 19
1036 	 1.0 	 0.080 	 8
1037 	 -0.0 	 0.190 	 11
1038 	 1.0 	 0.170 	 7
1039 	 -0.0 	 0.080 	 16
1040 	 1.0 	 0.090 	 10
1041 	 -0.0 	 0.140 	 17
1042 	 -0.0 	 0.150 	 21
1043 	 -0.0 	 0.030 	 11
1044 	 1.0 	 0.160 	 15
1045 	 -0.0 	 0.120 	 9
1046 	 -0.0 	 0.070 	 14
1047 	 -0.0 	 0.150 	 10
1048 	 -0.0 	 0.190 	 14
1049 	 -0.0 	 0.130 	 19
1050 	 1.0 	 0.080 	 7
1051 	 -0.0 	 0.070 	 16
1052 	 -0.0 	 0.070 	 19
1053 	 -0.0 	 0.180 	 22
1054 	 -0.0 	 0.170 	 17
1055 	 1.0 	 0.090 	 12
1056 	 1.0 	 0.110 	 7
1057 	 -0.0 	 0.050 	 20
1058 	 -0.0 	 0.120 	 22
1059 	 -0.0 	 0.150 	 21
1060 	 1.0 	 0.060 	 13
1061 	 1.0 	 0.020 	 7
1062 	 -0.0 	 0.130 	 14
1063 	 1.0 	 0.160 	 10
1064 	 -0.0 	 0.140 	 14
1065 	 -0.0 	 0.020 	 17
1066 	 1.0 	 0.100 	 8
1067 	 1.0 	 0.070 	 9
1068 	 -0.0 	 0.050 	 13
1069 	 1.0 	 0.050 	 7
1070 	 1.0 	 0.070 	 13
1071 	 -0.0 	 0.020 	 15
1072 	 -0.0 	 0.070 	 19
1073 	 -0.0 	 0.150 	 22
1074 	 -0.0 	 0.140 	 15
1075 	 -0.0 	 0.090 	 13
1076 	 1.0 	 0.150 	 10
1077 	 -0.0 	 0.040 	 17
1078 	 -0.0 	 0.170 	 17
1079 	 1.0 	 0.110 	 12
1080 	 -0.0 	 0.080 	 13
1081 	 -0.0 	 0.200 	 22
1082 	 1.0 	 0.170 	 11
1083 	 1.0 	 0.050 	 11
1084 	 -0.0 	 0.160 	 11
1085 	 -0.0 	 0.010 	 19
1086 	 -0.0 	 0.130 	 11
1087 	 -0.0 	 0.180 	 15
1088 	 -0.0 	 0.010 	 15
1089 	 1.0 	 0.140 	 9
1090 	 -0.0 	 0.120 	 16
1091 	 -0.0 	 0.190 	 7
1092 	 -0.0 	 0.040 	 13
1093 	 0.0 	 0.150 	 15
1094 	 -0.0 	 0.180 	 16
1095 	 -0.0 	 0.060 	 16
1096 	 -0.0 	 0.060 	 13
1097 	 1.0 	 0.060 	 14
1098 	 -0.0 	 0.010 	 13
1099 	 1.0 	 0.110 	 7
1100 	 1.0 	 0.150 	 9
1101 	 -0.0 	 0.070 	 18
1102 	 -0.0 	 0.200 	 20
1103 	 1.0 	 0.140 	 9
1104 	 -0.0 	 0.090 	 15
1105 	 -0.0 	 0.050 	 20
1106 	 1.0 	 0.040 	 8
1107 	 -0.0 	 0.070 	 21
1108 	 -0.0 	 0.040 	 20
1109 	 -0.0 	 0.150 	 15
1110 	 -0.0 	 0.030 	 12
1111 	 1.0 	 0.180 	 9
1112 	 1.0 	 0.010 	 14
1113 	 1.0 	 0.120 	 7
1114 	 -0.0 	 0.020 	 19
1115 	 -0.0 	 0.030 	 9
1116 	 1.0 	 0.040 	 16
1117 	 1.0 	 0.070 	 12
1118 	 -0.0 	 0.130 	 12
1119 	 1.0 	 0.150 	 10
1120 	 -0.0 	 0.160 	 18
1121 	 1.0 	 0.190 	 8
1122 	 -0.0 	 0.190 	 22
1123 	 -0.0 	 0.020 	 15
1124 	 -0.0 	 0.100 	 13
1125 	 1.0 	 0.040 	 7
1126 	 -0.0 	 0.160 	 13
1127 	 -0.0 	 0.140 	 22
1128 	 -0.0 	 0.020 	 17
1129 	 -0.0 	 0.190 	 12
1130 	 1.0 	 0.050 	 7
1131 	 1.0 	 0.070 	 11
1132 	 1.0 	 0.150 	 10
1133 	 -0.0 	 0.110 	 14
1134 	 -0.0 	 0.130 	 21
1135 	 -0.0 	 0.200 	 10
1136 	 -0.0 	 0.180 	 17
1137 	 1.0 	 0.050 	 7
1138 	 -0.0 	 0.100 	 11
1139 	 1.0 	 0.200 	 9
1140 	 -0.0 	 0.130 	 13
1141 	 1.0 	 0.020 	 7
1142 	 -0.0 	 0.040 	 11
1143 	 -0.0 	 0.020 	 17
1144 	 -0.0 	 0.050 	 21
1145 	 -0.0 	 0.110 	 11
1146 	 1.0 	 0.120 	 7
1147 	 1.0 	 0.150 	 14
1148 	 -0.0 	 0.100 	 18
1149 	 -0.0 	 0.080 	 18
1150 	 1.0 	 0.160 	 7
1151 	 -0.0 	 0.120 	 15
1152 	 1.0 	 0.020 	 14
1153 	 -0.0 	 0.080 	 18
1154 	 -0.0 	 0.140 	 19
1155 	 -0.0 	 0.160 	 16
1156 	 -0.0 	 0.080 	 16
1157 	 -0.0 	 0.030 	 16
1158 	 -0.0 	 0.130 	 13
1159 	 -0.0 	 0.050 	 12
1160 	 -0.0 	 0.190 	 20
1161 	 1.0 	 0.020 	 7
1162 	 -0.0 	 0.090 	 22
1163 	 -0.0 	 0.110 	 16
1164 	 1.0 	 0.130 	 9
1165 	 -0.0 	 0.020 	 19
1166 	 -0.0 	 0.130 	 11
1167 	 1.0 	 0.020 	 8
1168 	 -0.0 	 0.110 	 17
1169 	 1.0 	 0.200 	 14
1170 	 -0.0 	 0.020 	 16
1171 	 1.0 	 0.130 	 7
1172 	 -0.0 	 0.050 	 19
1173 	 1.0 	 0.110 	 15
1174 	 -0.0 	 0.020 	 18
1175 	 1.0 	 0.050 	 10
1176 	 1.0 	 0.170 	 14
1177 	 1.0 	 0.060 	 12
1178 	 1.0 	 0.150 	 9
1179 	 -0.0 	 0.070 	 15
1180 	 -0.0 	 0.090 	 19
1181 	 -0.0 	 0.080 	 14
1182 	 -0.0 	 0.060 	 18
1183 	 -0.0 	 0.020 	 13
1184 	 -0.0 	 0.060 	 18
1185 	 -0.0 	 0.140 	 12
1186 	 -0.0 	 0.140 	 21
1187 	 -0.0 	 0.080 	 21
1188 	 -0.0 	 0.110 	 13
1189 	 1.0 	 0.120 	 7
1190 	 1.0 	 0.060 	 13
1191 	 -0.0 	 0.150 	 18
1192 	 -0.0 	 0.150 	 10
1193 	 -0.0 	 0.190 	 21
1194 	 -0.0 	 0.180 	 13
1195 	 1.0 	 0.070 	 11
1196 	 1.0 	 0.020 	 8
1197 	 -0.0 	 0.090 	 16
1198 	 -0.0 	 0.110 	 17
1199 	 -0.0 	 0.050 	 17
1200 	 1.0 	 0.120 	 7
1201 	 -0.0 	 0.050 	 33
1202 	 1.0 	 0.060 	 15
1203 	 -0.0 	 0.030 	 32
1204 	 -0.0 	 0.150 	 32
1205 	 -0.0 	 0.100 	 26
1206 	 1.0 	 0.120 	 16
1207 	 -0.0 	 0.200 	 18
1208 	 -0.0 	 0.180 	 33
1209 	 -0.0 	 0.110 	 22
1210 	 -0.0 	 0.180 	 27
1211 	 -0.0 	 0.090 	 27
1212 	 -0.0 	 0.170 	 33
1213 	 -0.0 	 0.060 	 25
1214 	 -0.0 	 0.070 	 20
1215 	 -0.0 	 0.070 	 31
1216 	 1.0 	 0.150 	 14
1217 	 -0.0 	 0.060 	 16
1218 	 -0.0 	 0.200 	 29
1219 	 -0.0 	 0.180 	 16
1220 	 -0.0 	 0.200 	 12
1221 	 -0.0 	 0.150 	 28
1222 	 -0.0 	 0.130 	 28
1223 	 -0.0 	 0.120 	 14
1224 	 -0.0 	 0.110 	 36
1225 	 -0.0 	 0.070 	 32
1226 	 -0.0 	 0.030 	 13
1227 	 0.0 	 0.040 	 24
1228 	 -0.0 	 0.070 	 19
1229 	 -0.0 	 0.090 	 28
1230 	 -0.0 	 0.050 	 14
1231 	 -0.0 	 0.190 	 25
1232 	 1.0 	 0.180 	 11
1233 	 -0.0 	 0.190 	 14
1234 	 -0.0 	 0.190 	 18
1235 	 -0.0 	 0.130 	 15
1236 	 -0.0 	 0.030 	 36
1237 	 -0.0 	 0.100 	 18
1238 	 -0.0 	 0.130 	 21
1239 	 -0.0 	 0.110 	 28
1240 	 1.0 	 0.190 	 11
1241 	 -0.0 	 0.060 	 30
1242 	 -0.0 	 0.060 	 29
1243 	 -0.0 	 0.150 	 36
1244 	 -0.0 	 0.110 	 16
1245 	 -0.0 	 0.100 	 28
1246 	 1.0 	 0.030 	 14
1247 	 -0.0 	 0.100 	 23
1248 	 -0.0 	 0.130 	 33
1249 	 -0.0 	 0.020 	 15
1250 	 -0.0 	 0.010 	 27
1251 	 -0.0 	 0.110 	 22
1252 	 -0.0 	 0.010 	 34
1253 	 -0.0 	 0.200 	 36
1254 	 -0.0 	 0.160 	 16
1255 	 -0.0 	 0.170 	 17
1256 	 -0.0 	 0.030 	 26
1257 	 -0.0 	 0.130 	 14
1258 	 -0.0 	 0.130 	 15
1259 	 -0.0 	 0.160 	 33
1260 	 -0.0 	 0.110 	 25
1261 	 -0.0 	 0.040 	 28
1262 	 -0.0 	 0.200 	 20
1263 	 -0.0 	 0.100 	 34
1264 	 -0.0 	 0.010 	 16
1265 	 -0.0 	 0.010 	 33
1266 	 1.0 	 0.040 	 15
1267 	 1.0 	 0.070 	 14
1268 	 -0.0 	 0.160 	 35
1269 	 -0.0 	 0.120 	 30
1270 	 -0.0 	 0.110 	 35
1271 	 -0.0 	 0.090 	 13
1272 	 -0.0 	 0.160 	 22
1273 	 -0.0 	 0.170 	 26
1274 	 -0.0 	 0.020 	 15
1275 	 -0.0 	 0.160 	 29
1276 	 -0.0 	 0.120 	 14
1277 	 1.0 	 0.070 	 12
1278 	 -0.0 	 0.140 	 19
1279 	 -0.0 	 0.160 	 22
1280 	 -0.0 	 0.050 	 20
1281 	 -0.0 	 0.140 	 13
1282 	 -0.0 	 0.010 	 32
1283 	 -0.0 	 0.200 	 20
1284 	 -0.0 	 0.100 	 28
1285 	 -0.0 	 0.110 	 11
1286 	 -0.0 	 0.160 	 21
1287 	 -0.0 	 0.130 	 16
1288 	 -0.0 	 0.160 	 32
1289 	 -0.0 	 0.160 	 17
1290 	 -0.0 	 0.180 	 22
1291 	 -0.0 	 0.170 	 23
1292 	 -0.0 	 0.060 	 30
1293 	 0.0 	 0.020 	 20
1294 	 1.0 	 0.050 	 12
1295 	 -0.0 	 0.060 	 35
1296 	 -0.0 	 0.070 	 20
1297 	 -0.0 	 0.090 	 21
1298 	 -0.0 	 0.110 	 12
1299 	 -0.0 	 0.010 	 19
1300 	 -0.0 	 0.140 	 28
1301 	 -0.0 	 0.200 	 35
1302 	 -0.0 	 0.130 	 21
1303 	 -0.0 	 0.150 	 17
1304 	 -0.0 	 0.080 	 21
1305 	 -0.0 	 0.010 	 36
1306 	 -0.0 	 0.170 	 22
1307 	 -0.0 	 0.200 	 28
1308 	 -0.0 	 0.090 	 34
1309 	 -0.0 	 0.140 	 13
1310 	 -0.0 	 0.140 	 34
1311 	 -0.0 	 0.060 	 18
1312 	 -0.0 	 0.150 	 20
1313 	 -0.0 	 0.050 	 18
1314 	 -0.0 	 0.140 	 25
1315 	 -0.0 	 0.100 	 21
1316 	 -0.0 	 0.120 	 25
1317 	 -0.0 	 0.060 	 23
1318 	 -0.0 	 0.010 	 26
1319 	 -0.0 	 0.110 	 15
1320 	 -0.0 	 0.120 	 27
1321 	 -0.0 	 0.030 	 29
1322 	 -0.0 	 0.100 	 22
1323 	 1.0 	 0.010 	 11
1324 	 -0.0 	 0.160 	 30
1325 	 -0.0 	 0.190 	 32
1326 	 -0.0 	 0.180 	 31
1327 	 -0.0 	 0.100 	 13
1328 	 -0.0 	 0.080 	 23
1329 	 1.0 	 0.150 	 12
1330 	 0.0 	 0.030 	 21
1331 	 1.0 	 0.020 	 11
1332 	 -0.0 	 0.020 	 34
1333 	 -0.0 	 0.150 	 25
1334 	 -0.0 	 0.100 	 24
1335 	 -0.0 	 0.010 	 22
1336 	 -0.0 	 0.020 	 22
1337 	 -0.0 	 0.190 	 16
1338 	 -0.0 	 0.020 	 22
1339 	 -0.0 	 0.100 	 20
1340 	 1.0 	 0.090 	 12
1341 	 -0.0 	 0.090 	 20
1342 	 -0.0 	 0.120 	 21
1343 	 -0.0 	 0.070 	 17
1344 	 -0.0 	 0.200 	 30
1345 	 -0.0 	 0.070 	 13
1346 	 -0.0 	 0.080 	 33
1347 	 -0.0 	 0.190 	 30
1348 	 -0.0 	 0.020 	 22
1349 	 -0.0 	 0.090 	 36
1350 	 -0.0 	 0.110 	 26
1351 	 -0.0 	 0.030 	 22
1352 	 -0.0 	 0.140 	 30
1353 	 -0.0 	 0.050 	 21
1354 	 -0.0 	 0.120 	 33
1355 	 -0.0 	 0.140 	 19
1356 	 -0.0 	 0.110 	 21
1357 	 -0.0 	 0.030 	 21
1358 	 0.0 	 0.010 	 19
1359 	 -0.0 	 0.170 	 29
1360 	 1.0 	 0.100 	 11
1361 	 -0.0 	 0.070 	 32
1362 	 -0.0 	 0.140 	 27
1363 	 -0.0 	 0.040 	 35
1364 	 -0.0 	 0.110 	 23
1365 	 -0.0 	 0.070 	 33
1366 	 -0.0 	 0.060 	 21
1367 	 -0.0 	 0.190 	 32
1368 	 -0.0 	 0.180 	 34
1369 	 1.0 	 0.050 	 15
1370 	 -0.0 	 0.200 	 16
1371 	 -0.0 	 0.130 	 27
1372 	 1.0 	 0.180 	 12
1373 	 -0.0 	 0.140 	 25
1374 	 -0.0 	 0.030 	 29
1375 	 0.0 	 0.020 	 19
1376 	 -0.0 	 0.060 	 17
1377 	 -0.0 	 0.080 	 36
1378 	 -0.0 	 0.010 	 23
1379 	 -0.0 	 0.090 	 16
1380 	 -0.0 	 0.200 	 21
1381 	 -0.0 	 0.110 	 36
1382 	 -0.0 	 0.180 	 19
1383 	 -0.0 	 0.100 	 17
1384 	 -0.0 	 0.160 	 29
1385 	 -0.0 	 0.080 	 14
1386 	 -0.0 	 0.040 	 27
1387 	 -0.0 	 0.040 	 29
1388 	 1.0 	 0.130 	 13
1389 	 -0.0 	 0.100 	 35
1390 	 -0.0 	 0.170 	 36
1391 	 -0.0 	 0.180 	 23
1392 	 -0.0 	 0.130 	 30
1393 	 -0.0 	 0.020 	 12
1394 	 -0.0 	 0.010 	 20
1395 	 -0.0 	 0.180 	 25
1396 	 1.0 	 0.020 	 11
1397 	 -0.0 	 0.120 	 31
1398 	 -0.0 	 0.130 	 24
1399 	 -0.0 	 0.020 	 33
1400 	 -0.0 	 0.150 	 23
1401 	 -0.0 	 0.170 	 22
1402 	 -0.0 	 0.150 	 36
1403 	 -0.0 	 0.040 	 25
1404 	 -0.0 	 0.140 	 34
1405 	 -0.0 	 0.160 	 35
1406 	 -0.0 	 0.110 	 21
1407 	 -0.0 	 0.180 	 13
1408 	 -0.0 	 0.160 	 22
1409 	 -0.0 	 0.190 	 17
1410 	 -0.0 	 0.160 	 21
1411 	 -0.0 	 0.020 	 23
1412 	 -0.0 	 0.090 	 12
1413 	 -0.0 	 0.180 	 33
1414 	 -0.0 	 0.010 	 25
1415 	 -0.0 	 0.140 	 23
1416 	 -0.0 	 0.170 	 36
1417 	 -0.0 	 0.160 	 13
1418 	 -0.0 	 0.030 	 16
1419 	 -0.0 	 0.040 	 22
1420 	 -0.0 	 0.120 	 24
1421 	 -0.0 	 0.030 	 29
1422 	 -0.0 	 0.060 	 19
1423 	 -0.0 	 0.110 	 19
1424 	 1.0 	 0.170 	 15
1425 	 -0.0 	 0.140 	 12
1426 	 -0.0 	 0.110 	 26
1427 	 -0.0 	 0.160 	 20
1428 	 -0.0 	 0.140 	 19
1429 	 -0.0 	 0.140 	 21
1430 	 -0.0 	 0.140 	 26
1431 	 -0.0 	 0.110 	 26
1432 	 -0.0 	 0.160 	 20
1433 	 -0.0 	 0.090 	 35
1434 	 -0.0 	 0.060 	 23
1435 	 -0.0 	 0.180 	 34
1436 	 -0.0 	 0.130 	 31
1437 	 1.0 	 0.190 	 12
1438 	 -0.0 	 0.080 	 29
1439 	 -0.0 	 0.120 	 11
1440 	 -0.0 	 0.090 	 19
1441 	 1.0 	 0.080 	 13
1442 	 -0.0 	 0.130 	 19
1443 	 -0.0 	 0.040 	 12
1444 	 -0.0 	 0.180 	 19
1445 	 -0.0 	 0.130 	 36
1446 	 -0.0 	 0.030 	 35
1447 	 -0.0 	 0.100 	 34
1448 	 -0.0 	 0.170 	 13
1449 	 -0.0 	 0.100 	 18
1450 	 -0.0 	 0.110 	 36
1451 	 -0.0 	 0.120 	 20
1452 	 -0.0 	 0.150 	 34
1453 	 -0.0 	 0.040 	 17
1454 	 -0.0 	 0.190 	 34
1455 	 -0.0 	 0.190 	 23
1456 	 -0.0 	 0.140 	 22
1457 	 1.0 	 0.030 	 12
1458 	 -0.0 	 0.160 	 31
1459 	 -0.0 	 0.060 	 13
1460 	 -0.0 	 0.170 	 36
1461 	 -0.0 	 0.200 	 35
1462 	 -0.0 	 0.050 	 34
1463 	 -0.0 	 0.150 	 31
1464 	 0.0 	 0.020 	 23
1465 	 -0.0 	 0.130 	 30
1466 	 1.0 	 0.030 	 16
1467 	 -0.0 	 0.040 	 20
1468 	 -0.0 	 0.120 	 12
1469 	 0.0 	 0.010 	 26
1470 	 -0.0 	 0.200 	 22
1471 	 -0.0 	 0.100 	 17
1472 	 -0.0 	 0.190 	 25
1473 	 -0.0 	 0.180 	 20
1474 	 -0.0 	 0.030 	 25
1475 	 1.0 	 0.030 	 14
1476 	 -0.0 	 0.160 	 29
1477 	 -0.0 	 0.100 	 34
1478 	 -0.0 	 0.010 	 30
1479 	 -0.0 	 0.130 	 20
1480 	 -0.0 	 0.160 	 27
1481 	 -0.0 	 0.190 	 16
1482 	 -0.0 	 0.010 	 20
1483 	 -0.0 	 0.170 	 34
1484 	 -0.0 	 0.200 	 33
1485 	 1.0 	 0.110 	 13
1486 	 -0.0 	 0.050 	 11
1487 	 -0.0 	 0.050 	 29
1488 	 -0.0 	 0.160 	 34
1489 	 -0.0 	 0.150 	 34
1490 	 -0.0 	 0.070 	 30
1491 	 -0.0 	 0.020 	 28
1492 	 -0.0 	 0.150 	 15
1493 	 1.0 	 0.060 	 13
1494 	 -0.0 	 0.130 	 19
1495 	 -0.0 	 0.180 	 25
1496 	 -0.0 	 0.070 	 17
1497 	 -0.0 	 0.010 	 26
1498 	 -0.0 	 0.100 	 14
1499 	 -0.0 	 0.040 	 34
1500 	 -0.0 	 0.200 	 33
1501 	 -0.0 	 0.150 	 20
1502 	 -0.0 	 0.020 	 30
1503 	 -0.0 	 0.140 	 36
1504 	 1.0 	 0.070 	 12
1505 	 -0.0 	 0.190 	 21
1506 	 -0.0 	 0.170 	 18
1507 	 -0.0 	 0.200 	 33
1508 	 -0.0 	 0.090 	 34
1509 	 -0.0 	 0.020 	 21
1510 	 -0.0 	 0.050 	 27
1511 	 -0.0 	 0.080 	 12
1512 	 -0.0 	 0.140 	 28
1513 	 -0.0 	 0.060 	 17
1514 	 -0.0 	 0.080 	 32
1515 	 -0.0 	 0.100 	 35
1516 	 -0.0 	 0.180 	 20
1517 	 -0.0 	 0.020 	 21
1518 	 -0.0 	 0.020 	 13
1519 	 -0.0 	 0.110 	 25
1520 	 -0.0 	 0.130 	 28
1521 	 -0.0 	 0.070 	 15
1522 	 -0.0 	 0.060 	 32
1523 	 -0.0 	 0.150 	 35
1524 	 -0.0 	 0.120 	 21
1525 	 -0.0 	 0.080 	 27
1526 	 -0.0 	 0.050 	 18
1527 	 -0.0 	 0.140 	 32
1528 	 -0.0 	 0.090 	 14
1529 	 -0.0 	 0.170 	 13
1530 	 -0.0 	 0.160 	 36
1531 	 -0.0 	 0.190 	 31
1532 	 -0.0 	 0.110 	 13
1533 	 -0.0 	 0.030 	 25
1534 	 0.0 	 0.050 	 33
1535 	 -0.0 	 0.180 	 26
1536 	 -0.0 	 0.070 	 20
1537 	 -0.0 	 0.090 	 29
1538 	 -0.0 	 0.120 	 36
1539 	 -0.0 	 0.030 	 33
1540 	 0.0 	 0.040 	 18
1541 	 -0.0 	 0.190 	 25
1542 	 -0.0 	 0.110 	 12
1543 	 -0.0 	 0.110 	 27
1544 	 1.0 	 0.020 	 13
1545 	 -0.0 	 0.060 	 24
1546 	 -0.0 	 0.010 	 35
1547 	 -0.0 	 0.180 	 20
1548 	 -0.0 	 0.150 	 23
1549 	 -0.0 	 0.100 	 23
1550 	 0.0 	 0.060 	 31
1551 	 0.0 	 0.020 	 35
1552 	 -0.0 	 0.090 	 34
1553 	 -0.0 	 0.010 	 21
1554 	 -0.0 	 0.120 	 14
1555 	 1.0 	 0.160 	 11
1556 	 -0.0 	 0.200 	 15
1557 	 -0.0 	 0.100 	 19
1558 	 1.0 	 0.100 	 14
1559 	 1.0 	 0.090 	 11
1560 	 -0.0 	 0.150 	 35
1561 	 -0.0 	 0.190 	 13
1562 	 -0.0 	 0.070 	 24
1563 	 -0.0 	 0.060 	 30
1564 	 -0.0 	 0.190 	 29
1565 	 -0.0 	 0.090 	 32
1566 	 1.0 	 0.180 	 16
1567 	 1.0 	 0.110 	 11
1568 	 -0.0 	 0.110 	 26
1569 	 -0.0 	 0.090 	 29
1570 	 -0.0 	 0.120 	 11
1571 	 -0.0 	 0.090 	 28
1572 	 -0.0 	 0.050 	 17
1573 	 -0.0 	 0.060 	 35
1574 	 -0.0 	 0.150 	 32
1575 	 -0.0 	 0.110 	 27
1576 	 -0.0 	 0.170 	 35
1577 	 -0.0 	 0.060 	 18
1578 	 -0.0 	 0.160 	 12
1579 	 -0.0 	 0.020 	 17
1580 	 -0.0 	 0.070 	 34
1581 	 -0.0 	 0.010 	 18
1582 	 -0.0 	 0.180 	 11
1583 	 -0.0 	 0.030 	 33
1584 	 -0.0 	 0.030 	 26
1585 	 -0.0 	 0.050 	 21
1586 	 -0.0 	 0.020 	 36
1587 	 -0.0 	 0.130 	 20
1588 	 -0.0 	 0.180 	 23
1589 	 -0.0 	 0.110 	 32
1590 	 -0.0 	 0.130 	 23
1591 	 -0.0 	 0.150 	 29
1592 	 -0.0 	 0.080 	 24
1593 	 -0.0 	 0.030 	 20
1594 	 -0.0 	 0.020 	 25
1595 	 -0.0 	 0.200 	 35
1596 	 -0.0 	 0.140 	 35
1597 	 -0.0 	 0.120 	 31
1598 	 0.0 	 0.050 	 29
1599 	 -0.0 	 0.080 	 33
1600 	 -0.0 	 0.140 	 30
1601 	 1.0 	 0.060 	 14
1602 	 -0.0 	 0.170 	 21
1603 	 -0.0 	 0.010 	 13
1604 	 -0.0 	 0.100 	 28
1605 	 -0.0 	 0.190 	 31
1606 	 -0.0 	 0.200 	 35
1607 	 -0.0 	 0.030 	 35
1608 	 -0.0 	 0.180 	 22
1609 	 -0.0 	 0.180 	 20
1610 	 -0.0 	 0.140 	 28
1611 	 -0.0 	 0.040 	 18
1612 	 -0.0 	 0.070 	 14
1613 	 -0.0 	 0.060 	 23
1614 	 -0.0 	 0.030 	 15
1615 	 -0.0 	 0.180 	 15
1616 	 -0.0 	 0.200 	 17
1617 	 -0.0 	 0.100 	 35
1618 	 -0.0 	 0.100 	 23
1619 	 -0.0 	 0.020 	 19
1620 	 -0.0 	 0.130 	 25
1621 	 -0.0 	 0.140 	 24
1622 	 1.0 	 0.100 	 14
1623 	 -0.0 	 0.080 	 27
1624 	 1.0 	 0.030 	 13
1625 	 -0.0 	 0.080 	 35
1626 	 -0.0 	 0.040 	 27
1627 	 -0.0 	 0.010 	 29
1628 	 -0.0 	 0.070 	 19
1629 	 -0.0 	 0.170 	 14
1630 	 -0.0 	 0.070 	 29
1631 	 -0.0 	 0.160 	 23
1632 	 -0.0 	 0.020 	 11
1633 	 1.0 	 0.120 	 11
1634 	 -0.0 	 0.090 	 34
1635 	 -0.0 	 0.050 	 12
1636 	 1.0 	 0.040 	 12
1637 	 1.0 	 0.010 	 12
1638 	 -0.0 	 0.110 	 20
1639 	 -0.0 	 0.080 	 36
1640 	 1.0 	 0.140 	 14
1641 	 -0.0 	 0.140 	 21
1642 	 -0.0 	 0.070 	 36
1643 	 -0.0 	 0.180 	 33
1644 	 1.0 	 0.050 	 15
1645 	 -0.0 	 0.160 	 13
1646 	 -0.0 	 0.160 	 18
1647 	 -0.0 	 0.150 	 31
1648 	 -0.0 	 0.150 	 13
1649 	 -0.0 	 0.020 	 33
1650 	 -0.0 	 0.110 	 28
1651 	 -0.0 	 0.020 	 28
1652 	 -0.0 	 0.190 	 29
1653 	 -0.0 	 0.130 	 17
1654 	 -0.0 	 0.190 	 34
1655 	 -0.0 	 0.140 	 20
1656 	 -0.0 	 0.160 	 18
1657 	 -0.0 	 0.050 	 19
1658 	 -0.0 	 0.040 	 14
1659 	 -0.0 	 0.200 	 18
1660 	 -0.0 	 0.110 	 35
1661 	 -0.0 	 0.060 	 29
1662 	 -0.0 	 0.200 	 35
1663 	 -0.0 	 0.150 	 29
1664 	 -0.0 	 0.190 	 25
1665 	 -0.0 	 0.030 	 27
1666 	 -0.0 	 0.060 	 25
1667 	 1.0 	 0.090 	 12
1668 	 1.0 	 0.200 	 11
1669 	 -0.0 	 0.030 	 25
1670 	 -0.0 	 0.060 	 13
1671 	 -0.0 	 0.150 	 21
1672 	 -0.0 	 0.050 	 11
1673 	 1.0 	 0.090 	 14
1674 	 -0.0 	 0.070 	 35
1675 	 -0.0 	 0.020 	 22
1676 	 -0.0 	 0.090 	 22
1677 	 -0.0 	 0.140 	 16
1678 	 -0.0 	 0.200 	 24
1679 	 -0.0 	 0.200 	 36
1680 	 -0.0 	 0.020 	 30
1681 	 -0.0 	 0.200 	 12
1682 	 -0.0 	 0.100 	 22
1683 	 -0.0 	 0.020 	 18
1684 	 1.0 	 0.080 	 12
1685 	 -0.0 	 0.080 	 22
1686 	 -0.0 	 0.110 	 20
1687 	 1.0 	 0.090 	 17
1688 	 -0.0 	 0.130 	 32
1689 	 -0.0 	 0.060 	 35
1690 	 -0.0 	 0.160 	 14
1691 	 -0.0 	 0.040 	 35
1692 	 -0.0 	 0.010 	 27
1693 	 -0.0 	 0.150 	 18
1694 	 -0.0 	 0.130 	 16
1695 	 1.0 	 0.150 	 12
1696 	 -0.0 	 0.090 	 14
1697 	 -0.0 	 0.040 	 36
1698 	 -0.0 	 0.070 	 35
1699 	 -0.0 	 0.130 	 25
1700 	 -0.0 	 0.090 	 17
1701 	 0.0 	 0.070 	 17
1702 	 0.0 	 0.100 	 30
1703 	 -0.0 	 0.190 	 35
1704 	 0.0 	 0.010 	 32
1705 	 0.0 	 0.140 	 27
1706 	 0.0 	 0.150 	 21
1707 	 0.0 	 0.050 	 24
1708 	 -0.0 	 0.070 	 35
1709 	 0.0 	 0.150 	 33
1710 	 1.0 	 0.070 	 19
1711 	 -0.0 	 0.190 	 29
1712 	 1.0 	 0.180 	 14
1713 	 0.0 	 0.130 	 24
1714 	 -0.0 	 0.050 	 18
1715 	 -0.0 	 0.140 	 24
1716 	 0.0 	 0.130 	 33
1717 	 0.0 	 0.140 	 17
1718 	 0.0 	 0.020 	 33
1719 	 -0.0 	 0.140 	 18
1720 	 -0.0 	 0.160 	 15
1721 	 -0.0 	 0.080 	 31
1722 	 -0.0 	 0.040 	 35
1723 	 0.0 	 0.060 	 28
1724 	 -0.0 	 0.010 	 33
1725 	 0.0 	 0.010 	 29
1726 	 1.0 	 0.110 	 14
1727 	 -0.0 	 0.200 	 31
1728 	 -0.0 	 0.190 	 18
1729 	 0.0 	 0.030 	 33
1730 	 -0.0 	 0.150 	 34
1731 	 1.0 	 0.180 	 16
1732 	 1.0 	 0.140 	 17
1733 	 0.0 	 0.130 	 32
1734 	 -0.0 	 0.160 	 22
1735 	 0.0 	 0.090 	 31
1736 	 -0.0 	 0.150 	 19
1737 	 0.0 	 0.030 	 24
1738 	 -0.0 	 0.180 	 20
1739 	 0.0 	 0.180 	 24
1740 	 -0.0 	 0.030 	 27
1741 	 0.0 	 0.180 	 17
1742 	 1.0 	 0.060 	 15
1743 	 1.0 	 0.160 	 14
1744 	 1.0 	 0.170 	 17
1745 	 -0.0 	 0.170 	 22
1746 	 0.0 	 0.170 	 36
1747 	 1.0 	 0.030 	 14
1748 	 -0.0 	 0.110 	 17
1749 	 -0.0 	 0.180 	 14
1750 	 0.0 	 0.030 	 29
1751 	 0.0 	 0.100 	 27
1752 	 0.0 	 0.120 	 30
1753 	 0.0 	 0.170 	 36
1754 	 -0.0 	 0.040 	 33
1755 	 0.0 	 0.180 	 22
1756 	 -0.0 	 0.120 	 18
1757 	 -0.0 	 0.120 	 17
1758 	 -0.0 	 0.070 	 28
1759 	 -0.0 	 0.070 	 32
1760 	 -0.0 	 0.070 	 14
1761 	 -0.0 	 0.070 	 33
1762 	 -0.0 	 0.100 	 23
1763 	 0.0 	 0.020 	 27
1764 	 -0.0 	 0.140 	 24
1765 	 -0.0 	 0.120 	 17
1766 	 -0.0 	 0.110 	 36
1767 	 0.0 	 0.130 	 33
1768 	 -0.0 	 0.130 	 20
1769 	 1.0 	 0.110 	 14
1770 	 1.0 	 0.020 	 14
1771 	 -0.0 	 0.170 	 16
1772 	 0.0 	 0.030 	 21
1773 	 0.0 	 0.200 	 29
1774 	 -0.0 	 0.180 	 16
1775 	 0.0 	 0.180 	 28
1776 	 0.0 	 0.130 	 30
1777 	 1.0 	 0.070 	 14
1778 	 -0.0 	 0.140 	 20
1779 	 0.0 	 0.070 	 19
1780 	 0.0 	 0.130 	 34
1781 	 1.0 	 0.110 	 20
1782 	 0.0 	 0.120 	 28
1783 	 1.0 	 0.130 	 16
1784 	 -0.0 	 0.140 	 29
1785 	 -0.0 	 0.110 	 23
1786 	 -0.0 	 0.190 	 22
1787 	 -0.0 	 0.040 	 29
1788 	 -0.0 	 0.100 	 31
1789 	 0.0 	 0.170 	 31
1790 	 -0.0 	 0.170 	 23
1791 	 -0.0 	 0.150 	 31
1792 	 0.0 	 0.150 	 22
1793 	 0.0 	 0.080 	 18
1794 	 0.0 	 0.070 	 27
1795 	 0.0 	 0.090 	 23
1796 	 0.0 	 0.020 	 36
1797 	 0.0 	 0.190 	 27
1798 	 1.0 	 0.100 	 14
1799 	 -0.0 	 0.170 	 30
1800 	 -0.0 	 0.110 	 17
1801 	 0.0 	 0.090 	 15
1802 	 0.0 	 0.030 	 35
1803 	 -0.0 	 0.010 	 17
1804 	 -0.0 	 0.160 	 24
1805 	 0.0 	 0.150 	 22
1806 	 0.0 	 0.060 	 32
1807 	 0.0 	 0.060 	 36
1808 	 0.0 	 0.190 	 22
1809 	 0.0 	 0.100 	 31
1810 	 0.0 	 0.060 	 29
1811 	 0.0 	 0.040 	 36
1812 	 0.0 	 0.030 	 25
1813 	 -0.0 	 0.020 	 28
1814 	 -0.0 	 0.110 	 35
1815 	 0.0 	 0.090 	 25
1816 	 0.0 	 0.030 	 28
1817 	 0.0 	 0.090 	 27
1818 	 -0.0 	 0.020 	 26
1819 	 -0.0 	 0.140 	 26
1820 	 -0.0 	 0.120 	 14
1821 	 -0.0 	 0.100 	 23
1822 	 0.0 	 0.100 	 31
1823 	 -0.0 	 0.060 	 30
1824 	 0.0 	 0.100 	 36
1825 	 1.0 	 0.090 	 16
1826 	 -0.0 	 0.020 	 34
1827 	 0.0 	 0.040 	 20
1828 	 1.0 	 0.130 	 17
1829 	 1.0 	 0.200 	 15
1830 	 0.0 	 0.170 	 35
1831 	 0.0 	 0.060 	 31
1832 	 -0.0 	 0.070 	 35
1833 	 0.0 	 0.050 	 33
1834 	 -0.0 	 0.160 	 23
1835 	 1.0 	 0.150 	 16
1836 	 -0.0 	 0.180 	 24
1837 	 -0.0 	 0.020 	 21
1838 	 0.0 	 0.180 	 23
1839 	 0.0 	 0.040 	 20
1840 	 0.0 	 0.130 	 35
1841 	 0.0 	 0.050 	 26
1842 	 0.0 	 0.170 	 36
1843 	 -0.0 	 0.060 	 16
1844 	 -0.0 	 0.200 	 19
1845 	 -0.0 	 0.030 	 36
1846 	 1.0 	 0.140 	 16
1847 	 0.0 	 0.110 	 33
1848 	 0.0 	 0.020 	 19
1849 	 0.0 	 0.070 	 34
1850 	 0.0 	 0.040 	 23
1851 	 0.0 	 0.090 	 23
1852 	 -0.0 	 0.070 	 19
1853 	 -0.0 	 0.030 	 30
1854 	 0.0 	 0.130 	 27
1855 	 0.0 	 0.100 	 33
1856 	 0.0 	 0.110 	 19
1857 	 0.0 	 0.110 	 33
1858 	 -0.0 	 0.200 	 34
1859 	 0.0 	 0.080 	 29
1860 	 -0.0 	 0.080 	 19
1861 	 -0.0 	 0.010 	 28
1862 	 -0.0 	 0.040 	 15
1863 	 1.0 	 0.120 	 21
1864 	 0.0 	 0.050 	 29
1865 	 0.0 	 0.060 	 31
1866 	 -0.0 	 0.090 	 18
1867 	 -0.0 	 0.180 	 22
1868 	 0.0 	 0.160 	 23
1869 	 0.0 	 0.110 	 25
1870 	 -0.0 	 0.070 	 34
1871 	 0.0 	 0.110 	 30
1872 	 0.0 	 0.010 	 22
1873 	 0.0 	 0.020 	 20
1874 	 -0.0 	 0.150 	 35
1875 	 -0.0 	 0.100 	 22
1876 	 -0.0 	 0.200 	 26
1877 	 -0.0 	 0.150 	 28
1878 	 -0.0 	 0.050 	 22
1879 	 1.0 	 0.200 	 17
1880 	 0.0 	 0.120 	 23
1881 	 0.0 	 0.010 	 21
1882 	 -0.0 	 0.050 	 35
1883 	 1.0 	 0.110 	 14
1884 	 0.0 	 0.070 	 25
1885 	 0.0 	 0.120 	 20
1886 	 0.0 	 0.180 	 23
1887 	 0.0 	 0.030 	 32
1888 	 0.0 	 0.080 	 23
1889 	 1.0 	 0.180 	 15
1890 	 0.0 	 0.130 	 31
1891 	 -0.0 	 0.150 	 25
1892 	 -0.0 	 0.140 	 27
1893 	 -0.0 	 0.050 	 20
1894 	 0.0 	 0.100 	 31
1895 	 -0.0 	 0.020 	 26
1896 	 0.0 	 0.130 	 29
1897 	 0.0 	 0.200 	 29
1898 	 0.0 	 0.170 	 26
1899 	 -0.0 	 0.160 	 28
1900 	 -0.0 	 0.110 	 15
1901 	 0.0 	 0.180 	 36
1902 	 0.0 	 0.180 	 27
1903 	 0.0 	 0.100 	 24
1904 	 -0.0 	 0.190 	 23
1905 	 1.0 	 0.190 	 17
1906 	 0.0 	 0.040 	 23
1907 	 -0.0 	 0.020 	 26
1908 	 0.0 	 0.040 	 29
1909 	 0.0 	 0.130 	 18
1910 	 0.0 	 0.010 	 23
1911 	 0.0 	 0.120 	 34
1912 	 0.0 	 0.130 	 35
1913 	 0.0 	 0.120 	 25
1914 	 0.0 	 0.120 	 24
1915 	 0.0 	 0.190 	 25
1916 	 0.0 	 0.170 	 19
1917 	 1.0 	 0.050 	 17
1918 	 -0.0 	 0.150 	 30
1919 	 -0.0 	 0.150 	 26
1920 	 0.0 	 0.090 	 27
1921 	 -0.0 	 0.080 	 25
1922 	 0.0 	 0.160 	 25
1923 	 -0.0 	 0.120 	 22
1924 	 -0.0 	 0.180 	 25
1925 	 -0.0 	 0.100 	 29
1926 	 0.0 	 0.120 	 22
1927 	 -0.0 	 0.190 	 30
1928 	 -0.0 	 0.160 	 24
1929 	 -0.0 	 0.170 	 22
1930 	 1.0 	 0.090 	 14
1931 	 1.0 	 0.200 	 16
1932 	 0.0 	 0.080 	 18
1933 	 -0.0 	 0.180 	 32
1934 	 0.0 	 0.160 	 20
1935 	 0.0 	 0.170 	 35
1936 	 1.0 	 0.010 	 16
1937 	 -0.0 	 0.020 	 36
1938 	 0.0 	 0.160 	 30
1939 	 0.0 	 0.120 	 22
1940 	 0.0 	 0.090 	 34
1941 	 -0.0 	 0.170 	 24
1942 	 0.0 	 0.150 	 36
1943 	 1.0 	 0.180 	 18
1944 	 0.0 	 0.060 	 23
1945 	 -0.0 	 0.190 	 17
1946 	 0.0 	 0.030 	 27
1947 	 0.0 	 0.010 	 30
1948 	 0.0 	 0.010 	 17
1949 	 0.0 	 0.200 	 35
1950 	 0.0 	 0.060 	 29
1951 	 -0.0 	 0.100 	 21
1952 	 1.0 	 0.140 	 15
1953 	 -0.0 	 0.020 	 33
1954 	 0.0 	 0.060 	 32
1955 	 -0.0 	 0.130 	 22
1956 	 1.0 	 0.070 	 16
1957 	 0.0 	 0.010 	 30
1958 	 -0.0 	 0.060 	 17
1959 	 0.0 	 0.060 	 26
1960 	 0.0 	 0.200 	 27
1961 	 0.0 	 0.060 	 35
1962 	 0.0 	 0.170 	 30
1963 	 -0.0 	 0.040 	 32
1964 	 0.0 	 0.130 	 22
1965 	 -0.0 	 0.150 	 34
1966 	 0.0 	 0.030 	 30
1967 	 0.0 	 0.140 	 32
1968 	 1.0 	 0.190 	 17
1969 	 0.0 	 0.070 	 22
1970 	 0.0 	 0.080 	 30
1971 	 -0.0 	 0.120 	 32
1972 	 -0.0 	 0.130 	 19
1973 	 -0.0 	 0.080 	 14
1974 	 -0.0 	 0.170 	 34
1975 	 1.0 	 0.150 	 15
1976 	 0.0 	 0.160 	 28
1977 	 -0.0 	 0.060 	 17
1978 	 0.0 	 0.200 	 33
1979 	 0.0 	 0.150 	 36
1980 	 -0.0 	 0.020 	 26
1981 	 1.0 	 0.080 	 16
1982 	 0.0 	 0.020 	 35
1983 	 0.0 	 0.120 	 27
1984 	 0.0 	 0.130 	 20
1985 	 0.0 	 0.140 	 27
1986 	 -0.0 	 0.060 	 26
1987 	 -0.0 	 0.160 	 29
1988 	 1.0 	 0.140 	 15
1989 	 -0.0 	 0.120 	 29
1990 	 -0.0 	 0.010 	 36
1991 	 1.0 	 0.120 	 15
1992 	 -0.0 	 0.040 	 18
1993 	 0.0 	 0.160 	 24
1994 	 0.0 	 0.100 	 19
1995 	 1.0 	 0.090 	 18
1996 	 -0.0 	 0.120 	 17
1997 	 -0.0 	 0.180 	 27
1998 	 -0.0 	 0.170 	 14
1999 	 -0.0 	 0.070 	 30
2000 	 0.0 	 0.070 	 29
